# column 0: x [pc]
# column 1: y [pc]
# column 2: z [pc]
# column 3: smoothing length [pc]
# column 4: SFR [Msun/yr]
# column 5: metallicity [dimensionless]
# column 6: log of concentration [dimensionless]
# column 7: pressure [Pa]
# column 8: PDR covering fraction [dimensionless]
# 
1.01652069e+01 3.05054424e+02 2.51284644e+02 3.09589920e+01 9.42994095e-03 3.36166024e-02 4.89133154e+00 1.38000000e-12 3.31169607e-01
-2.91489309e+01 4.36122500e+02 3.53190721e+02 3.53329506e+01 1.17035955e-02 3.81001756e-02 4.91794864e+00 1.38000000e-12 3.19345549e-01
-3.06863481e+01 3.86205435e+02 4.97504665e+02 3.24915314e+01 1.04521615e-02 3.45694944e-02 5.44292752e+00 1.38000000e-12 2.92206772e-01
4.17521937e+02 5.76343136e+01 -1.88038792e+02 5.28225479e+01 8.84261075e-03 2.86684930e-02 5.46521560e+00 1.38000000e-12 5.81288686e-01
2.32865348e+02 3.88211490e+02 3.30039684e+02 4.22173195e+01 8.49628542e-03 3.19956057e-02 4.51784085e+00 1.38000000e-12 8.81920592e-01
4.74133461e+02 1.25466366e+02 -2.47857488e+02 5.64393196e+01 1.13385301e-02 2.91112233e-02 4.73451372e+00 1.38000000e-12 2.32146591e-01
-2.92516871e+02 5.53034425e+02 5.62272526e+02 6.06502228e+01 9.45651904e-03 3.81254777e-02 5.58551559e+00 1.38000000e-12 1.43446526e-01
4.71807944e+02 1.99343180e+02 -1.78579230e+02 5.72720985e+01 1.02249375e-02 2.92629879e-02 4.92583981e+00 1.38000000e-12 6.43957212e-01
-2.05465321e+02 4.72858011e+02 6.83840235e+02 4.31679420e+01 5.97416749e-03 3.35403122e-02 5.08028848e+00 1.38000000e-12 2.99695389e-01
1.82219786e+02 5.69003359e+02 6.89447159e+02 5.09787445e+01 9.09275748e-03 2.79588830e-02 5.34372614e+00 1.38000000e-12 1.84172361e-01
3.64956700e+02 -6.34660070e+00 -5.84553465e+02 6.67413330e+01 8.60966183e-03 2.95660794e-02 5.32654069e+00 1.38000000e-12 6.50244094e-01
5.90905840e+01 5.86533599e+02 7.35459777e+02 5.02691040e+01 1.13345589e-02 3.20088416e-02 5.80112615e+00 1.38000000e-12 3.20415602e-01
-3.21215969e+02 3.24733818e+02 8.69994158e+02 5.06010628e+01 1.15234526e-02 3.37592661e-02 4.79993704e+00 1.38000000e-12 3.66447530e-01
5.74010880e+02 2.55154385e+02 -2.64597972e+02 6.34715576e+01 5.97029831e-03 2.84604877e-02 4.85518552e+00 1.38000000e-12 5.19327416e-01
-5.51338227e+02 -3.26456042e+02 9.07167976e+02 9.73229752e+01 1.29387416e-02 2.90991664e-02 5.57886346e+00 1.38000000e-12 7.31811476e-01
2.08728520e+02 6.08020183e+02 1.09647443e+03 8.23269730e+01 1.21130468e-02 3.02217845e-02 5.22236091e+00 1.38000000e-12 4.95287299e-01
7.37011706e+02 5.20888862e+02 -6.86052596e+01 8.83869781e+01 1.27165960e-02 2.56363414e-02 4.98248983e+00 1.38000000e-12 5.52603538e-01
-7.81779135e+02 -2.66269663e+02 6.05473005e+02 9.03349457e+01 4.43671318e-03 2.33952627e-02 4.61101770e+00 1.38000000e-12 4.01566016e-01
6.38128417e+02 6.49627787e+02 -1.78394576e+02 7.57169189e+01 7.36685237e-03 2.86789946e-02 5.04380594e+00 1.38000000e-12 3.74315722e-01
-7.19231994e+02 1.12840081e+02 1.12199849e+03 9.41975784e+01 1.21182650e-02 2.93170474e-02 4.36123868e+00 1.38000000e-12 1.43122218e-01
8.37620607e+01 5.90800929e+02 1.28396221e+03 8.77157211e+01 7.66245788e-03 3.22434939e-02 5.32352378e+00 1.38000000e-12 3.51824666e-01
5.58666741e+02 6.77169184e+02 8.54887939e+02 9.12830353e+01 1.03794215e-02 2.63177417e-02 4.82631602e+00 1.38000000e-12 2.94243262e-01
-3.83578588e+02 6.89446804e+01 1.30178512e+03 1.10793358e+02 1.06706535e-02 2.85010524e-02 5.99978204e+00 1.38000000e-12 5.85529903e-01
4.97828479e+02 8.42002480e+02 1.04018829e+03 1.00015869e+02 1.18512614e-02 2.69282442e-02 5.41432483e+00 1.38000000e-12 2.76174653e-01
-5.74758667e+02 -9.49069044e+02 -4.94384434e+02 9.96319046e+01 1.09584499e-02 2.28671934e-02 4.96129104e+00 1.38000000e-12 1.06549648e+00
-6.71114314e+02 -1.04052384e+03 -2.38996397e+02 1.03673058e+02 8.35572090e-03 2.13987455e-02 5.65154647e+00 1.38000000e-12 1.83687346e-01
9.17853723e+01 -4.51049283e+02 -1.46556845e+03 1.30614990e+02 1.47558246e-02 2.23435275e-02 4.79563676e+00 1.38000000e-12 7.44513962e-01
-6.71479525e+02 -8.05458344e+02 6.03469890e+02 1.22056610e+02 8.69331136e-03 2.16243565e-02 4.91696524e+00 1.38000000e-12 1.86703761e-01
-5.45313584e+02 -1.12113244e+03 -7.63098921e+02 1.11235199e+02 1.56918671e-02 2.22359449e-02 4.05599693e+00 1.38000000e-12 5.81402227e-01
7.81366219e+02 9.54757162e+02 1.98265054e+02 1.04038521e+02 1.30824037e-02 2.63019539e-02 4.91319772e+00 1.38000000e-12 5.14048845e-01
-6.64328269e+02 -1.29959278e+03 3.50238105e+01 1.27473564e+02 8.25641025e-03 2.29483303e-02 5.24577517e+00 1.38000000e-12 2.94461971e-01
4.93949288e+02 1.24950354e+03 6.00184977e+01 1.15440392e+02 1.03369905e-02 2.65728887e-02 4.48478671e+00 1.38000000e-12 6.64293561e-01
-8.83566401e+02 -1.05671165e+03 7.28681424e+02 1.46466248e+02 9.19423252e-03 2.27374490e-02 4.73090211e+00 1.38000000e-12 2.48948134e-01
-2.54078789e+01 5.44535280e+02 1.49459457e+03 1.10235786e+02 6.52883295e-03 2.72760037e-02 4.63688664e+00 1.38000000e-12 1.92076555e-01
-1.17294233e+03 2.21678510e+02 2.36445353e+03 2.22700989e+02 1.16066672e-02 2.30159331e-02 4.94297163e+00 1.38000000e-12 3.88886504e-01
-4.51066282e+01 -2.63916642e+02 -2.03493518e+03 2.17111938e+02 8.34930036e-03 2.52182093e-02 4.27538121e+00 1.38000000e-12 2.04520166e-01
1.23543327e+03 1.20892570e+03 -2.88427040e+02 1.30621521e+02 5.71209472e-03 2.97692567e-02 5.25621432e+00 1.38000000e-12 1.44148715e-01
-5.38908215e+02 -1.19638219e+03 1.51000711e+03 2.41502167e+02 9.45485756e-03 2.26301700e-02 5.01378417e+00 1.38000000e-12 3.30019528e-01
-5.96595232e+02 -1.55472627e+03 -1.13541055e+02 1.28208542e+02 1.21738482e-02 2.30347347e-02 5.43398241e+00 1.38000000e-12 1.74883071e-01
-5.57986914e+02 -1.23866179e+03 -1.48726063e+03 1.63405579e+02 1.09129539e-02 2.53013875e-02 4.86441909e+00 1.38000000e-12 5.22533237e-01
-4.42609673e+02 -1.34122717e+03 -1.22253363e+03 1.19591324e+02 8.35819356e-03 2.32784953e-02 5.32339709e+00 1.38000000e-12 1.37137541e-01
-7.76706750e+02 -4.80670055e+02 1.62881261e+03 1.63315948e+02 1.25682373e-02 2.20804587e-02 5.01622937e+00 1.38000000e-12 5.85594283e-01
-1.63789151e+03 -3.08938503e+01 1.94282962e+03 1.81111496e+02 9.78635810e-03 2.24713311e-02 5.21526562e+00 1.38000000e-12 4.98037569e-01
-6.05752330e+01 -4.90903961e+02 -2.24621817e+03 2.25715027e+02 1.20161232e-02 2.89107021e-02 4.90242076e+00 1.38000000e-12 4.59407298e-01
-1.87772548e+02 -1.14245226e+03 -1.63662194e+03 1.39385574e+02 1.29941320e-02 2.44555231e-02 4.69010166e+00 1.38000000e-12 5.24971551e-01
-1.68683571e+03 -1.47079150e+03 1.07353365e+03 1.95710556e+02 6.67364197e-03 2.15101521e-02 4.63034107e+00 1.38000000e-12 5.96903301e-01
2.06567384e+02 -1.69848555e+03 -9.73920257e+01 1.94782272e+02 1.53837046e-02 2.79968195e-02 4.62536510e+00 1.38000000e-12 1.45832499e-01
-1.72416681e+02 7.70659611e+02 1.62520868e+03 1.08721901e+02 1.10559082e-02 2.07041390e-02 4.84531620e+00 1.38000000e-12 2.46509771e-01
-4.44210496e+02 -1.91630371e+03 -1.19276344e+03 1.60891022e+02 1.06488410e-02 2.23681536e-02 4.55259897e+00 1.38000000e-12 5.99098724e-01
9.75692805e+02 1.32006861e+03 -2.14407967e+03 3.36324402e+02 1.15590924e-02 2.36425102e-02 5.51499667e+00 1.38000000e-12 3.07161684e-01
-5.85128620e+02 -1.01394400e+03 1.44199959e+03 2.09358093e+02 6.98897103e-03 1.87440272e-02 3.92327996e+00 1.38000000e-12 2.72037248e-01
-1.72596647e+03 -1.78502308e+03 1.64465988e+03 2.54523209e+02 9.78531130e-03 1.78691316e-02 4.30341439e+00 1.38000000e-12 1.53980851e-01
-4.99314528e+02 1.80056891e+03 1.68853012e+03 1.79432220e+02 6.08353131e-03 1.97430886e-02 6.22455856e+00 1.38000000e-12 1.55261213e-01
6.67515397e+02 2.20919307e+03 1.40943122e+02 1.94517822e+02 1.17606465e-02 1.99873261e-02 4.75882230e+00 1.38000000e-12 3.99574088e-01
3.23904793e+02 2.33442862e+03 7.03771052e+02 2.14374100e+02 1.03001483e-02 2.15155147e-02 5.26865541e+00 1.38000000e-12 4.95250989e-01
-8.30432837e+02 1.27414937e+03 2.17277008e+03 1.87943710e+02 1.23288035e-02 2.13374719e-02 4.75727973e+00 1.38000000e-12 3.42180834e-01
-2.10732239e+03 -5.44859587e+02 1.22047505e+03 2.30035599e+02 5.96540701e-03 1.80977434e-02 4.81326659e+00 1.38000000e-12 5.85473495e-01
1.57479670e+03 2.53099953e+03 -9.45723848e+02 2.93464081e+02 1.09726489e-02 2.26532370e-02 5.49780061e+00 1.38000000e-12 5.18541619e-01
1.06202620e+03 2.85347058e+03 -3.60322864e+02 2.96349579e+02 1.32797081e-02 2.30406094e-02 4.51199675e+00 1.38000000e-12 2.89479177e-01
1.53335405e+02 2.59573329e+03 7.15398508e+02 2.58426666e+02 7.97047559e-03 2.22812686e-02 4.94209119e+00 1.38000000e-12 8.23075618e-01
1.83630096e+03 -1.35394890e+03 -1.02120868e+03 2.57896088e+02 1.00895129e-02 1.97605696e-02 4.70528095e+00 1.38000000e-12 2.21730567e-01
-1.04830563e+03 2.15119193e+03 1.54370758e+03 2.73483765e+02 9.76652000e-03 1.55141884e-02 4.95439497e+00 1.38000000e-12 6.93110402e-01
-8.81310497e+02 2.79678504e+03 8.31296330e+02 3.31849731e+02 7.41208997e-03 1.50835225e-02 4.91894154e+00 1.38000000e-12 3.78306345e-01
-4.35680205e+02 3.18883433e+03 8.62537077e+02 3.28715546e+02 1.19386362e-02 1.60087626e-02 5.39445051e+00 1.38000000e-12 8.23229520e-01
-1.36639447e+03 -2.72713395e+03 1.00270826e+03 3.00412506e+02 1.00129247e-02 1.82487108e-02 5.39970178e+00 1.38000000e-12 2.47958206e-01
-4.15012027e+02 -3.38790950e+03 4.92636728e+02 3.55531738e+02 1.14991870e-02 1.82409827e-02 5.21211340e+00 1.38000000e-12 1.88313007e-01
-4.41788989e+02 -3.54743345e+03 6.81833871e+02 3.97557587e+02 1.05488589e-02 1.83230173e-02 5.21587848e+00 1.38000000e-12 5.60648510e-01
-2.73421487e+03 -1.59100311e+03 2.17144568e+03 3.13741302e+02 7.85239413e-03 1.68032814e-02 5.03434766e+00 1.38000000e-12 3.06683205e-01
7.00699653e+01 -3.94205545e+03 3.90948164e+01 4.49890381e+02 1.35546997e-02 1.75509937e-02 4.45929618e+00 1.38000000e-12 5.19188795e-01
3.57970421e+02 -2.74691280e+03 -6.72473845e+02 3.08894470e+02 8.30145646e-03 1.86671317e-02 4.67129295e+00 1.38000000e-12 2.50695784e-01
-1.52480765e+03 1.71277245e+03 2.15557978e+03 2.77762390e+02 7.42459437e-03 1.66958105e-02 5.45618921e+00 1.38000000e-12 2.07686483e-01
1.36860770e+02 -3.65771069e+03 -1.52540809e+02 3.90777557e+02 1.17744785e-02 1.62167549e-02 5.24762860e+00 1.38000000e-12 2.48997457e-01
-1.62991786e+03 2.63752858e+03 1.03984732e+03 3.80247772e+02 7.40302494e-03 1.59476474e-02 4.87618504e+00 1.38000000e-12 2.42297165e-01
1.12917858e+02 -4.22828445e+03 2.37808685e+02 5.00000000e+02 1.12885032e-02 1.96507219e-02 6.03834020e+00 1.38000000e-12 8.14536498e-01
-2.11701770e+03 -3.19012117e+03 5.87554647e+02 3.39591736e+02 1.19277555e-02 1.64964534e-02 5.80660622e+00 1.38000000e-12 3.14738339e-01
-1.82763284e+03 -3.36984100e+03 3.61823787e+02 3.42520386e+02 6.53689122e-03 1.72123294e-02 5.25537607e+00 1.38000000e-12 2.51233213e-01
-1.09303085e+03 -3.89583570e+03 -3.40729372e+01 3.14058899e+02 1.04654944e-02 1.73844602e-02 4.78979284e+00 1.38000000e-12 3.71666548e-01
3.60285026e+02 -2.74117519e+03 -1.35138953e+03 2.67083130e+02 1.26667200e-02 1.85517967e-02 4.90991882e+00 1.38000000e-12 1.49863071e-01
2.92559175e+03 -1.80778206e+03 -1.58917898e+03 4.30614075e+02 1.14036081e-02 1.81229003e-02 5.85026087e+00 1.38000000e-12 4.16166808e-01
-8.79882202e+02 -4.51614259e+03 3.29431430e+02 4.99840149e+02 1.08993351e-02 1.71834212e-02 4.98760084e+00 1.38000000e-12 1.91590604e-01
-2.40469134e+03 1.69948254e+03 2.08751260e+03 3.30307495e+02 1.33527657e-02 1.87132824e-02 5.31059246e+00 1.38000000e-12 6.77450659e-01
-1.09691459e+03 3.73536850e+03 1.27519124e+03 3.85745026e+02 6.93016732e-03 1.28396163e-02 5.35907672e+00 1.38000000e-12 9.68864469e-01
1.30979869e+03 3.71244634e+03 -2.42085715e+02 3.18133362e+02 8.03202484e-03 1.84560642e-02 4.93903028e+00 1.38000000e-12 2.86326967e-01
1.79829008e+03 -4.54868653e+03 -9.40457120e+02 5.00000000e+02 8.57762527e-03 1.63993221e-02 5.41488696e+00 1.38000000e-12 6.46766518e-01
-1.59287070e+03 -4.77261347e+03 3.12304707e+01 4.63979858e+02 1.15183527e-02 1.50705576e-02 5.14848266e+00 1.38000000e-12 1.93090034e-01
5.30296243e+02 4.05944483e+03 1.76568801e+02 3.71807617e+02 1.33159356e-02 1.59620214e-02 5.29318324e+00 1.38000000e-12 2.04297736e-01
1.63160711e+03 3.90321469e+03 -3.07080145e+02 3.69305908e+02 1.57930087e-02 1.78894065e-02 5.48667305e+00 1.38000000e-12 1.42995880e-01
4.74272943e+03 -3.80710170e+02 2.66312924e+00 5.00000000e+02 1.08244391e-02 9.80127230e-03 4.98720010e+00 1.38000000e-12 1.46862842e-01
3.05607591e+03 3.08545761e+03 -1.29129798e+03 3.76481506e+02 1.35248676e-02 1.82530917e-02 4.81813539e+00 1.38000000e-12 4.81361566e-01
4.00830456e+03 -2.39490549e+03 -2.20357628e+03 5.00000000e+02 8.53474997e-03 1.80732273e-02 4.34898349e+00 1.38000000e-12 5.66018895e-01
-9.63001096e+02 4.49247192e+03 1.14621569e+03 5.00000000e+02 9.84235667e-03 1.43283894e-02 4.82152019e+00 1.38000000e-12 6.16169062e-01
3.34348882e+03 2.32303906e+03 -3.18427320e+02 4.08334747e+02 1.02562308e-02 1.33374762e-02 5.13662113e+00 1.38000000e-12 1.56502806e-01
4.33125316e+03 2.12189811e+03 4.74271229e+01 4.74246643e+02 1.05181336e-02 1.07608968e-02 5.09688367e+00 1.38000000e-12 2.27646046e-01
4.59039881e+03 -5.27349165e+02 -2.42125514e+03 4.93576691e+02 1.20263984e-02 1.76577065e-02 4.92689982e+00 1.38000000e-12 5.77986323e-01
-4.83512631e+03 -1.60020027e+03 1.65530251e+03 4.41858307e+02 9.64207575e-03 1.62396207e-02 5.11734021e+00 1.38000000e-12 6.59728480e-01
3.95122353e+03 3.04559167e+03 -5.78068697e+02 4.25976959e+02 6.32358156e-03 1.58384312e-02 5.26657706e+00 1.38000000e-12 8.20399419e-01
-1.83334976e+03 6.18843580e+03 1.73070768e+03 5.00000000e+02 6.00481546e-03 1.45908203e-02 5.19087676e+00 1.38000000e-12 2.63827630e-01
4.13369359e+03 2.65814291e+03 -1.17825352e+03 4.49347565e+02 8.79392587e-03 1.82770342e-02 5.24676127e+00 1.38000000e-12 4.84437369e-01
-5.45626754e+03 -9.89417053e+02 1.61545206e+03 5.00000000e+02 1.00823464e-02 1.58762503e-02 4.59427657e+00 1.38000000e-12 4.50303279e-01
4.33137148e+03 2.26349179e+03 -1.60179111e+03 4.77136108e+02 9.88754816e-03 1.67869702e-02 5.50918040e+00 1.38000000e-12 1.09312311e+00
-9.77045172e+02 -5.89166539e+03 -3.69534950e+02 5.00000000e+02 1.27328979e-02 1.73388757e-02 5.18202147e+00 1.38000000e-12 4.87076135e-01
-4.25933951e+03 -2.93192797e+03 1.30899345e+03 4.75177307e+02 1.13324225e-02 1.56878792e-02 5.15721192e+00 1.38000000e-12 4.78408367e-01
3.84749635e+03 2.73105559e+03 -1.75954404e+03 4.95244659e+02 8.62778071e-03 1.72971673e-02 5.07019323e+00 1.38000000e-12 5.56529515e-01
2.00125145e+03 -6.65793233e+03 -1.18047947e+03 5.00000000e+02 1.18567711e-02 1.74180698e-02 4.82846329e+00 1.38000000e-12 2.21242792e-01
2.30322531e+03 5.13826567e+03 8.00671281e+01 5.00000000e+02 1.55422343e-02 1.45723019e-02 5.06668251e+00 1.38000000e-12 3.09626801e-01
3.48209740e+03 -5.44371508e+03 -1.26928477e+03 5.00000000e+02 9.22613870e-03 1.55221364e-02 4.98332074e+00 1.38000000e-12 6.09899775e-01
3.88312260e+02 -6.40412812e+03 -5.21271535e+02 5.00000000e+02 7.57774431e-03 1.62028819e-02 4.69873941e+00 1.38000000e-12 7.19938708e-01
1.34702476e+02 7.54360189e+03 1.63034140e+03 5.00000000e+02 1.22123156e-02 1.41559923e-02 4.95336787e+00 1.38000000e-12 4.86004032e-01
-1.31039178e+03 5.37922021e+03 8.40283918e+02 5.00000000e+02 1.02881500e-02 1.30181313e-02 5.26451144e+00 1.38000000e-12 7.00113329e-01
-5.20267856e+03 2.66645497e+03 3.08006012e+03 5.00000000e+02 1.19529106e-02 1.56180672e-02 4.78234110e+00 1.38000000e-12 5.04662097e-01
4.74156061e+03 -6.84788982e+03 8.54060999e+02 5.00000000e+02 7.12444773e-03 1.04478793e-02 5.01887319e+00 1.38000000e-12 8.74953365e-01
-7.66041240e+02 4.86331057e+03 1.06574067e+03 5.00000000e+02 5.39037259e-03 1.50011927e-02 5.93949274e+00 1.38000000e-12 1.87155585e-01
4.56093604e+03 2.48595409e+03 7.07665283e+02 5.00000000e+02 9.77745280e-03 1.50087727e-02 5.51492897e+00 1.38000000e-12 2.01554957e-01
3.54383222e+03 -7.42425372e+03 1.36406811e+02 5.00000000e+02 7.09756697e-03 1.24858860e-02 4.78086362e+00 1.38000000e-12 2.55091726e-01
5.96784690e+03 1.43886839e+03 1.50730729e+03 5.00000000e+02 1.50914500e-02 1.38906082e-02 5.39219603e+00 1.38000000e-12 2.21355814e-01
1.53603185e+03 -9.22786275e+03 -2.42915807e+02 5.00000000e+02 1.17488606e-02 1.05477665e-02 5.33585585e+00 1.38000000e-12 4.39426132e-01
2.54997351e+02 5.59936640e+03 6.27332035e+02 5.00000000e+02 1.08026601e-02 1.36900228e-02 5.08540925e+00 1.38000000e-12 2.62679511e-01
6.49184805e+03 2.11552874e+03 1.43713895e+03 5.00000000e+02 1.26383910e-02 1.37549881e-02 5.36803159e+00 1.38000000e-12 2.50028266e-01
-1.77632137e+03 -7.48212522e+03 -3.44355868e+02 5.00000000e+02 1.36794830e-02 1.58713777e-02 4.50370770e+00 1.38000000e-12 2.55929629e-01
4.30107355e+03 -8.59410076e+03 8.47797612e+02 5.00000000e+02 9.41338018e-03 1.00546610e-02 5.36480682e+00 1.38000000e-12 5.78339132e-01
-6.06761109e+03 -4.29892652e+03 2.86719001e+02 5.00000000e+02 1.07333409e-02 1.49672516e-02 5.35367718e+00 1.38000000e-12 3.51858371e-01
5.42851279e+03 4.64710389e+03 2.64785377e+02 5.00000000e+02 1.19871749e-02 1.21934097e-02 5.17991456e+00 1.38000000e-12 5.16261077e-01
-7.65837721e+03 -9.79516849e+03 -1.43740402e+03 5.00000000e+02 1.02571854e-02 1.00515438e-02 4.31106997e+00 1.38000000e-12 2.31968703e-01
-6.06824368e+03 1.04809128e+04 -8.95483990e+02 5.00000000e+02 1.31424731e-02 1.11932922e-02 4.71650105e+00 1.38000000e-12 3.27706303e-01
-5.19745571e+03 1.15462246e+04 -1.73154791e+03 5.00000000e+02 9.99566726e-03 1.08467611e-02 4.69550514e+00 1.38000000e-12 2.23195557e-01
-8.36379268e+03 4.89666439e+03 -2.91345620e+03 5.00000000e+02 6.32796157e-03 9.96195711e-03 5.65665510e+00 1.38000000e-12 2.39807091e-01
7.17116885e+04 4.44772196e+04 -1.04024285e+04 5.00000000e+02 7.39002647e-03 7.91701023e-03 5.06573101e+00 1.38000000e-12 5.91209955e-01
