# column 0: x [pc]
# column 1: y [pc]
# column 2: z [pc]
# column 3: smoothing length [pc]
# column 4: SFR [Msun/yr]
# column 5: metallicity [dimensionless]
# column 6: log of concentration [dimensionless]
# column 7: pressure [Pa]
# column 8: PDR covering fraction [dimensionless]
# 
1.94664917e+02 8.39943907e+01 -1.08796945e+02 2.89183922e+01 6.37307810e-03 5.64013943e-02 5.62998934e+00 1.38000000e-12 6.62322207e-01
1.76433306e+02 5.47763266e+00 -3.42291444e+02 3.83054962e+01 1.15034888e-02 5.57665564e-02 5.32393155e+00 1.38000000e-12 2.00609940e-01
2.12622803e+02 -1.76225704e+02 -4.45200117e+02 3.68574104e+01 9.88268200e-03 5.62608168e-02 4.62483210e+00 1.38000000e-12 1.54954751e-01
3.01795630e+02 -8.79592124e+01 -3.06960742e+02 3.06935558e+01 9.94791463e-03 6.01274259e-02 5.88609199e+00 1.38000000e-12 2.34539320e-01
2.22528697e+02 8.36631243e+01 -3.98704596e+01 3.11472988e+01 1.40189389e-02 5.68736009e-02 4.94119592e+00 1.38000000e-12 8.15220367e-01
1.12127365e+02 7.16352185e+01 -3.01408762e+02 3.74832497e+01 1.07632484e-02 5.66730350e-02 3.97694005e+00 1.38000000e-12 3.23870446e-01
2.54386422e+02 -9.12005844e+01 -2.95258700e+02 2.80725346e+01 8.34243279e-03 6.08408004e-02 5.54736580e+00 1.38000000e-12 3.00495501e-01
2.22660832e+02 -8.37516552e+00 -3.37871052e+02 3.34601288e+01 1.17915468e-02 5.55113442e-02 4.50574021e+00 1.38000000e-12 4.70762514e-01
2.00737877e+02 -6.51735105e+01 -3.37687985e+02 3.02681808e+01 9.83558688e-03 5.79055883e-02 5.02411120e+00 1.38000000e-12 1.60687750e-01
3.19413883e+02 8.69629967e+01 -2.41559596e+02 3.52346382e+01 1.16092749e-02 5.89938052e-02 5.05748970e+00 1.38000000e-12 7.34833572e-01
1.53471161e+02 1.63646189e+02 -5.55605535e+01 3.42269478e+01 8.24280549e-03 5.79811893e-02 5.06445940e+00 1.38000000e-12 5.87601860e-01
1.63481110e+02 -4.47672214e+01 -3.83467260e+02 3.62137833e+01 7.74362637e-03 5.78506179e-02 4.97654129e+00 1.38000000e-12 1.71214363e-01
2.91853550e+02 3.48656607e+01 -3.56910204e+02 3.37942543e+01 6.96552359e-03 5.91777116e-02 5.22670538e+00 1.38000000e-12 5.61643292e-01
1.54400674e+02 4.44593103e+01 -2.02517563e+02 3.31834106e+01 8.41297396e-03 5.85721284e-02 4.76767575e+00 1.38000000e-12 4.46574442e-01
2.75497746e+02 -4.49198155e+00 -2.09571729e+02 2.76670628e+01 9.55027621e-03 5.43186925e-02 5.18609402e+00 1.38000000e-12 1.73712336e-01
2.20733940e+02 1.36768218e+02 -1.92456812e+02 3.32864723e+01 7.61728361e-03 5.67520335e-02 3.95370714e+00 1.38000000e-12 6.04590108e-01
1.85147696e+02 1.47271287e+02 -1.43836499e+02 3.57208290e+01 1.01520810e-02 5.73620498e-02 4.84149743e+00 1.38000000e-12 5.21041199e-01
1.63915730e+02 3.87042049e+01 -1.06120536e+02 2.71698513e+01 5.50103979e-03 6.14757836e-02 4.65654461e+00 1.38000000e-12 3.73316780e-01
1.99582327e+02 2.97625705e+02 -7.79523888e+01 4.40437660e+01 7.72070838e-03 5.36243245e-02 5.37002778e+00 1.38000000e-12 1.89376397e-01
3.16458520e+02 -4.74755625e+01 -2.47778563e+02 2.87994022e+01 5.55217685e-03 5.99362887e-02 5.03982731e+00 1.38000000e-12 1.61739101e-01
2.73758299e+02 -1.27381992e+02 -3.58621192e+02 3.03040676e+01 8.47178977e-03 5.78114949e-02 4.59545932e+00 1.38000000e-12 1.52306871e-01
2.21480718e+02 1.57186329e+02 -1.46316478e+02 3.50641861e+01 7.42045697e-03 5.87221421e-02 4.55761574e+00 1.38000000e-12 5.67348646e-01
-1.95088801e+02 -1.94308005e+01 3.78674291e+02 3.03891602e+01 8.43393896e-03 5.48030026e-02 4.71899985e+00 1.38000000e-12 2.81936161e-01
1.28290125e+01 -9.13417783e+01 -4.71431212e+02 5.21356049e+01 1.36041669e-02 4.36263941e-02 5.05376398e+00 1.38000000e-12 2.66647979e-01
3.15248334e+02 1.66684190e+02 -4.34116261e+02 5.47739296e+01 9.25712753e-03 5.71580231e-02 5.77029213e+00 1.38000000e-12 7.22231867e-01
3.24468653e+02 1.67625120e+02 -2.47610235e+02 3.70599823e+01 9.28540435e-03 5.66292368e-02 5.15655782e+00 1.38000000e-12 8.54111152e-01
8.37047180e+01 1.06228908e+02 -1.52140043e+02 3.52523499e+01 5.99037623e-03 5.96518777e-02 4.62498916e+00 1.38000000e-12 1.45813120e-01
2.95944835e+02 3.11034448e+02 -1.18276056e+02 4.66139145e+01 1.56482849e-02 5.58293685e-02 4.14308014e+00 1.38000000e-12 3.24801356e-01
-2.19779191e+02 -2.19137524e+02 -1.53941102e+02 4.22296753e+01 1.03128189e-02 5.50008863e-02 4.60717391e+00 1.38000000e-12 6.02901646e-01
-1.19306062e+02 -3.17993796e+02 2.03085950e+01 3.78189926e+01 1.53492298e-02 5.87805882e-02 5.54916474e+00 1.38000000e-12 1.96024025e-01
-3.26408538e+02 -1.15007791e+02 -8.95234020e+01 5.75147781e+01 1.19080786e-02 4.92920429e-02 4.60723073e+00 1.38000000e-12 1.64696678e-01
2.91995206e+02 -1.93417804e+02 -6.29195732e+02 5.72131615e+01 7.74825411e-03 4.35767286e-02 5.07981204e+00 1.38000000e-12 2.96491620e-01
3.30451257e+02 1.52226940e+02 -4.30816222e+02 5.31503830e+01 1.17377704e-02 6.06264398e-02 5.09028800e+00 1.38000000e-12 7.26944583e-01
-1.34704847e+01 3.80037994e+02 3.01145953e+02 4.75624352e+01 9.57493298e-03 5.08687347e-02 5.54620878e+00 1.38000000e-12 1.94231071e-01
-1.41114454e+01 5.16586472e+02 2.24797552e+02 7.79555130e+01 1.18763652e-02 5.04426919e-02 4.76344857e+00 1.38000000e-12 1.81834146e-01
-3.95801298e+01 -4.60835244e+02 -4.03516699e+02 5.11367264e+01 1.01439590e-02 4.79125977e-02 4.62387478e+00 1.38000000e-12 1.69464474e-01
-6.68935019e+01 3.58869646e+02 4.05294848e+02 5.26565971e+01 1.21204928e-02 5.56896403e-02 5.07605927e+00 1.38000000e-12 3.34326539e-01
4.73466015e+02 1.01176255e+02 -4.97153524e+02 5.03875732e+01 8.10626056e-03 5.23585081e-02 4.52597969e+00 1.38000000e-12 2.98809370e-01
3.88152681e+02 2.61014947e+02 -2.71237048e+02 4.90334969e+01 8.03326257e-03 5.69123924e-02 4.83148778e+00 1.38000000e-12 9.26817953e-01
2.06570832e+00 3.86037264e+02 5.38516868e+02 6.39222031e+01 7.65621243e-03 4.29053679e-02 4.67890567e+00 1.38000000e-12 4.18767314e-01
5.60395851e+02 -1.72118714e+02 -6.79976298e+02 4.49068756e+01 7.70446332e-03 4.54728194e-02 4.74451811e+00 1.38000000e-12 4.47260037e-01
4.79527706e+02 1.12420528e+02 -5.24171632e+02 5.19174004e+01 1.15684625e-02 5.01810871e-02 4.95008401e+00 1.38000000e-12 3.80523370e-01
-6.65305814e+01 5.55224386e+02 4.15689547e+02 6.84070358e+01 1.04648294e-02 5.52663356e-02 5.40955330e+00 1.38000000e-12 3.37311420e-01
2.06689526e+02 -3.86587438e+02 -7.35339570e+02 6.19374390e+01 8.60071648e-03 4.45345938e-02 4.48421750e+00 1.38000000e-12 4.77784181e-01
1.66742284e+02 -4.46152467e+02 -6.16041912e+02 6.36344795e+01 1.12676295e-02 5.42412996e-02 4.56766534e+00 1.38000000e-12 3.11538704e-01
1.56232078e+02 5.50253618e+02 1.72795814e+02 7.47953873e+01 8.43173452e-03 5.34964725e-02 4.22889734e+00 1.38000000e-12 9.21963740e-01
6.27005503e+01 6.28224103e+02 4.18894475e+02 7.48345795e+01 8.40369705e-03 4.94054072e-02 5.39686669e+00 1.38000000e-12 5.12448897e-01
7.38258070e+02 -3.62772319e+02 -6.93498469e+02 7.74494476e+01 7.13090226e-03 4.31765169e-02 4.89704725e+00 1.38000000e-12 8.12861224e-01
-3.67921042e+02 -4.59573844e+02 -2.96147725e+01 5.38609428e+01 1.45246722e-02 4.78366800e-02 4.77369625e+00 1.38000000e-12 1.49690829e-01
3.36180525e+02 -5.91546602e+02 -7.89018984e+02 7.73332062e+01 8.90631787e-03 5.08288406e-02 5.09969233e+00 1.38000000e-12 8.85679247e-01
5.00276322e+02 5.83543132e+02 1.63878006e+02 8.17233124e+01 8.96667782e-03 4.62139137e-02 4.60872787e+00 1.38000000e-12 2.14599783e-01
6.99256979e+02 -3.09268638e+02 -9.71939474e+02 6.40123596e+01 1.03818718e-02 4.27084304e-02 5.03098667e+00 1.38000000e-12 1.96376562e-01
6.25772284e+02 7.04281622e+02 9.85183951e+01 9.59862442e+01 9.12486762e-03 4.49343063e-02 5.01513465e+00 1.38000000e-12 2.78541922e-01
8.75310599e+02 -3.45792064e+02 -1.00324533e+03 8.60115280e+01 8.69084429e-03 3.79964039e-02 4.88577917e+00 1.38000000e-12 5.40594632e-01
9.97800831e+01 8.26795127e+02 7.01854826e+02 9.39806824e+01 1.13076493e-02 4.26052846e-02 5.14331212e+00 1.38000000e-12 4.72993365e-01
2.17693442e+02 8.17181060e+02 7.81946449e+02 1.13084961e+02 5.95901487e-03 3.71426158e-02 5.09464550e+00 1.38000000e-12 9.05223274e-01
-3.63711578e+01 6.14869980e+02 8.04104040e+02 8.25601120e+01 1.05569223e-02 4.15057316e-02 5.52520733e+00 1.38000000e-12 7.34427323e-01
7.46527814e+02 5.97822826e+02 -2.32740994e+02 9.58191605e+01 8.61247908e-03 3.85202058e-02 5.47984785e+00 1.38000000e-12 1.83086188e-01
1.75780187e+02 8.42370601e+02 6.32899806e+02 9.71615829e+01 7.82665517e-03 4.31541726e-02 6.03614526e+00 1.38000000e-12 2.83503533e-01
2.80760484e+02 -7.05979005e+02 -9.16618265e+02 8.28050079e+01 6.07315777e-03 3.70912291e-02 5.17687760e+00 1.38000000e-12 3.50573303e-01
5.27883476e+02 -4.31265736e+02 -1.06209372e+03 6.86143646e+01 1.18037360e-02 4.47116680e-02 5.67317020e+00 1.38000000e-12 3.92344721e-01
-1.67124464e+01 -9.07774018e+02 -7.77082269e+02 1.07914825e+02 1.23965461e-02 3.96151319e-02 4.94177095e+00 1.38000000e-12 1.68535424e-01
5.71311720e+01 6.59759532e+02 1.06604849e+03 1.06001709e+02 8.09992477e-03 3.73148620e-02 4.93965280e+00 1.38000000e-12 4.15846157e-01
8.57286153e+02 1.46625511e+01 -1.02020356e+03 6.81450119e+01 9.07965656e-03 3.17741819e-02 4.18689236e+00 1.38000000e-12 1.48252943e-01
3.73188140e+00 9.22156474e+02 9.12066339e+02 9.83932953e+01 8.49053636e-03 4.59640622e-02 5.05207871e+00 1.38000000e-12 9.89715042e-01
1.01374207e+03 2.38967902e+01 -1.08203936e+03 7.78216248e+01 1.34848030e-02 3.57604474e-02 4.72468526e+00 1.38000000e-12 2.26543991e-01
8.83971694e+02 -7.53360256e+01 -1.15626778e+03 7.94865875e+01 1.32409409e-02 4.40975353e-02 5.24658230e+00 1.38000000e-12 3.46850462e-01
8.45188679e+02 -3.89236676e+02 -1.17617594e+03 8.94738388e+01 7.89274555e-03 3.84366363e-02 4.75278794e+00 1.38000000e-12 9.48657451e-01
-4.96019012e+01 6.66446319e+02 1.13068352e+03 1.10043839e+02 1.05093652e-02 3.10288779e-02 4.99349966e+00 1.38000000e-12 3.60404823e-01
1.06657521e+03 8.38225862e+02 -7.34563136e+02 1.24107361e+02 1.09804086e-02 4.66362052e-02 4.69337243e+00 1.38000000e-12 5.63141601e-01
1.18025127e+03 3.51769219e+02 -9.68247054e+02 1.02761017e+02 1.24626057e-02 3.79772522e-02 4.80882423e+00 1.38000000e-12 4.54224009e-01
-1.75927297e+02 5.76783969e+02 1.34374137e+03 1.22480652e+02 1.09794019e-02 3.72755192e-02 5.03126258e+00 1.38000000e-12 4.80271463e-01
8.52172500e+02 -2.41845257e+02 -1.15917051e+03 8.31591034e+01 8.73518456e-03 3.82789262e-02 4.62646324e+00 1.38000000e-12 3.46614597e-01
3.83725926e+02 9.41798536e+02 6.50339750e+02 1.18365799e+02 1.01699708e-02 3.01331710e-02 5.31963303e+00 1.38000000e-12 1.92177917e-01
1.14974407e+03 5.28903157e+02 -7.85409032e+02 1.00804802e+02 1.17650023e-02 3.45464461e-02 4.79915336e+00 1.38000000e-12 3.17465463e-01
9.01327928e+02 1.16021142e+03 1.10464551e+02 1.21768257e+02 5.41272247e-03 4.41708304e-02 5.82511545e+00 1.38000000e-12 2.88881597e-01
-6.51020155e+02 2.21981283e+02 1.29501245e+03 1.02816063e+02 9.38145351e-03 3.46798040e-02 5.49448318e+00 1.38000000e-12 4.71042172e-01
-9.18137849e+02 -1.03664416e+03 -5.67591958e+01 1.25840828e+02 1.05870934e-02 4.13392261e-02 5.29919836e+00 1.38000000e-12 8.65624866e-01
8.04166780e+02 -1.74189348e+02 -1.52308176e+03 1.15143715e+02 8.66715517e-03 3.99192199e-02 4.51900130e+00 1.38000000e-12 4.42203238e-01
-1.55950921e+00 1.02801798e+03 1.13642753e+03 1.26475250e+02 1.61995050e-02 4.27488573e-02 4.73022947e+00 1.38000000e-12 9.18850320e-01
2.39455268e+02 -1.07875241e+03 -1.25056177e+03 1.26565598e+02 1.08286142e-02 3.45775820e-02 5.38805798e+00 1.38000000e-12 6.25189337e-01
-6.51787062e+02 -1.24469452e+03 -6.77712623e+02 1.27566696e+02 7.08452333e-03 3.69651169e-02 5.15964476e+00 1.38000000e-12 3.51928524e-01
6.41989207e+02 1.26139601e+03 8.84446471e+02 1.20520332e+02 9.61808953e-03 3.92990634e-02 4.24537623e+00 1.38000000e-12 5.22425730e-01
-9.50505831e+02 4.85731049e+02 1.61865051e+03 1.30545502e+02 1.09134540e-02 3.37484777e-02 4.59370344e+00 1.38000000e-12 5.74116872e-01
1.42574179e+03 4.36883126e+02 -1.30202273e+03 1.08115067e+02 7.39942351e-03 3.85465175e-02 4.07034479e+00 1.38000000e-12 5.40880399e-01
7.41191813e+02 -6.65180727e+02 -1.50690262e+03 1.16226608e+02 1.12455403e-02 3.32450382e-02 5.14849914e+00 1.38000000e-12 2.88334071e-01
-1.33206474e+03 -1.44619250e+03 -3.53575058e+02 1.65020355e+02 9.09299124e-03 3.74234319e-02 4.90849703e+00 1.38000000e-12 8.16476584e-01
-1.51761479e+03 -6.53089483e+02 8.91119503e+02 1.15661781e+02 9.58483852e-03 3.29065137e-02 5.51053472e+00 1.38000000e-12 8.69354545e-01
-1.00892888e+03 -1.39838176e+02 1.75590060e+03 1.49598312e+02 8.70396942e-03 3.12551297e-02 4.99979883e+00 1.38000000e-12 7.27592792e-01
-7.70463717e+01 -1.47738598e+03 -1.54385194e+03 1.62379272e+02 9.84221138e-03 3.31747830e-02 4.32237614e+00 1.38000000e-12 1.55557727e-01
-1.08198979e+03 8.35929589e+01 1.56312853e+03 1.20535843e+02 9.82948951e-03 3.09325363e-02 5.19236044e+00 1.38000000e-12 2.02921265e-01
-1.52081478e+03 -8.02684066e+02 1.21832230e+03 1.29104507e+02 1.11807138e-02 2.80865319e-02 5.30159973e+00 1.38000000e-12 6.12227647e-01
2.46252268e+02 1.38366042e+03 1.47905058e+03 1.31814499e+02 7.10468832e-03 4.55914848e-02 4.87019344e+00 1.38000000e-12 2.86575523e-01
1.47153594e+03 1.60537258e+03 -2.33934103e+02 1.42099289e+02 1.03452001e-02 3.08098421e-02 4.56547276e+00 1.38000000e-12 6.72394779e-01
1.59127135e+03 1.41935779e+03 -5.18124817e+02 1.32103943e+02 1.38723208e-02 3.00836004e-02 4.74449333e+00 1.38000000e-12 5.09630484e-01
-1.82181453e+03 -1.22729123e+03 9.90976590e+02 1.35345490e+02 9.40694101e-03 2.61659604e-02 5.52235737e+00 1.38000000e-12 8.17473098e-01
1.81557095e+02 1.66246599e+03 1.61219571e+03 1.44721680e+02 1.00061093e-02 4.16285433e-02 5.81572180e+00 1.38000000e-12 1.42382429e-01
-7.01968836e+02 -1.98526030e+03 -1.12318860e+03 1.54254089e+02 9.99292452e-03 2.64930725e-02 4.84023854e+00 1.38000000e-12 4.22115803e-01
-8.40075632e+02 9.32451816e+02 2.24827504e+03 1.34845612e+02 1.41163813e-02 3.04222945e-02 4.60007536e+00 1.38000000e-12 7.55023578e-01
3.15046924e+02 1.41590197e+03 1.79067533e+03 1.77576599e+02 1.05083715e-02 3.09483241e-02 4.79021837e+00 1.38000000e-12 2.57787524e-01
-1.75417621e+03 -1.67018601e+03 3.35446281e+02 1.44056763e+02 1.12206805e-02 2.80082021e-02 5.28450141e+00 1.38000000e-12 6.71383771e-01
-1.74392279e+03 -1.18426436e+03 9.68802745e+02 1.34248444e+02 9.43888910e-03 2.46781204e-02 4.94581765e+00 1.38000000e-12 2.58472409e-01
-1.66299279e+03 -9.42367437e+02 1.24555027e+03 1.35708298e+02 1.23106893e-02 2.60309540e-02 4.54300156e+00 1.38000000e-12 1.98061556e-01
-1.69171419e+03 -1.80778152e+03 2.05939907e+02 1.27077385e+02 9.68399085e-03 2.80418284e-02 5.54712808e+00 1.38000000e-12 2.15126551e-01
1.30531198e+03 1.97999160e+03 4.30455381e+02 1.58176376e+02 1.12487264e-02 2.95038559e-02 5.11586625e+00 1.38000000e-12 9.51121230e-01
1.33440418e+03 -1.21199845e+03 -2.14161348e+03 1.87848495e+02 1.19438814e-02 2.92614922e-02 5.57129308e+00 1.38000000e-12 7.91542516e-01
-1.26046920e+03 -2.39343742e+03 -6.05074340e+02 1.65088165e+02 1.25892181e-02 2.63628662e-02 4.93470997e+00 1.38000000e-12 3.00152925e-01
1.02951324e+03 2.16527058e+03 1.24621294e+03 1.53460281e+02 7.75473751e-03 3.05481385e-02 4.29288434e+00 1.38000000e-12 3.20633243e-01
5.28842356e+02 2.20448899e+03 1.80949173e+03 1.73626205e+02 8.73912405e-03 3.07781231e-02 6.00287510e+00 1.38000000e-12 3.84264544e-01
-1.39753237e+03 -2.33359457e+03 -1.11552941e+03 1.90519882e+02 1.26884300e-02 3.47361676e-02 4.84516742e+00 1.38000000e-12 2.21805029e-01
1.94029769e+03 1.69280109e+03 -5.73588954e+02 1.51060394e+02 9.35511291e-03 2.95217130e-02 5.16568874e+00 1.38000000e-12 3.92751601e-01
-2.08314848e+03 -1.09827844e+03 1.09473244e+03 1.57593506e+02 9.73181985e-03 2.89481785e-02 5.21606452e+00 1.38000000e-12 2.22465378e-01
1.79889229e+03 2.03053399e+03 2.76556035e+02 1.73596344e+02 1.14224227e-02 2.95609701e-02 5.37257658e+00 1.38000000e-12 4.61749171e-01
-1.28653161e+03 -2.56536101e+03 -4.34952345e+02 1.85086563e+02 9.21174604e-03 2.70431098e-02 5.43616697e+00 1.38000000e-12 4.98844180e-01
-1.88859690e+03 -2.84704005e+02 1.84034428e+03 1.62724564e+02 9.81501676e-03 3.02520078e-02 5.21237849e+00 1.38000000e-12 5.54989478e-01
7.37888787e+02 2.67437300e+03 1.22127377e+03 1.76117188e+02 7.54665770e-03 2.97884028e-02 4.65878074e+00 1.38000000e-12 5.48068328e-01
-1.22702885e+03 9.48369673e+02 2.54456128e+03 1.87871567e+02 7.08674593e-03 2.99337413e-02 5.93862270e+00 1.38000000e-12 2.56644393e-01
-1.11216514e+03 -2.50406375e+03 -1.47475850e+03 1.53499603e+02 1.15118660e-02 3.18826810e-02 5.33512855e+00 1.38000000e-12 5.66011918e-01
-7.15977143e+02 1.62205933e+03 2.21168571e+03 1.72743744e+02 4.93464246e-03 4.07693833e-02 4.26884021e+00 1.38000000e-12 4.34264797e-01
-1.26110702e+03 -2.71176476e+03 -1.08680517e+03 1.71067886e+02 9.37194191e-03 2.92293113e-02 5.22486990e+00 1.38000000e-12 1.59665389e-01
-1.35351717e+03 -2.65500458e+03 -1.26021650e+03 1.79578186e+02 1.38401426e-02 3.15936059e-02 5.43097486e+00 1.38000000e-12 8.99273205e-01
2.27981703e+03 1.36229962e+03 -1.16967328e+03 1.42151047e+02 7.56349787e-03 3.16432603e-02 4.90370066e+00 1.38000000e-12 7.20285491e-01
2.10373569e+03 2.00648867e+03 -2.32791258e+02 1.58540039e+02 1.12021612e-02 3.00844908e-02 6.03651547e+00 1.38000000e-12 4.73471870e-01
-1.35680184e+03 1.18198137e+03 2.87424055e+03 1.62506134e+02 9.23680235e-03 3.15195695e-02 5.23897647e+00 1.38000000e-12 1.89837721e-01
2.27188074e+03 1.70012498e+03 -9.17539671e+02 1.46418732e+02 6.33943733e-03 2.97304243e-02 5.58985112e+00 1.38000000e-12 1.52848394e-01
2.12388241e+02 2.61272135e+03 1.99684746e+03 1.67510635e+02 7.31152715e-03 2.97750589e-02 5.90991296e+00 1.38000000e-12 7.91920780e-01
-1.04753382e+03 -2.90776929e+03 -1.48758630e+03 1.93471420e+02 9.05256998e-03 2.03103330e-02 5.67703513e+00 1.38000000e-12 1.81031336e-01
-9.85662114e+02 -2.95380724e+03 -1.77348823e+03 2.04931305e+02 6.83547882e-03 2.39791181e-02 5.34576571e+00 1.38000000e-12 2.40574653e-01
-1.06971764e+03 1.34081965e+03 2.79761489e+03 1.79115601e+02 6.32564863e-03 3.24368365e-02 4.52095301e+00 1.38000000e-12 1.37508956e-01
7.25393897e+02 2.48550760e+03 1.83513181e+03 1.83285400e+02 5.65005746e-03 2.90186200e-02 5.29621246e+00 1.38000000e-12 2.23508001e-01
-1.45148896e+03 -3.03371863e+03 -7.13354846e+02 1.78475647e+02 1.07965292e-02 3.01007144e-02 5.26176295e+00 1.38000000e-12 8.66644543e-01
-1.51352073e+03 1.17317587e+03 3.21197056e+03 2.03005463e+02 1.10503547e-02 2.93874703e-02 4.46876849e+00 1.38000000e-12 7.34784560e-01
-1.64288309e+03 1.31231430e+03 3.49383849e+03 2.08317810e+02 1.03337411e-02 2.84850262e-02 4.90030750e+00 1.38000000e-12 3.32452711e-01
-7.62934934e+02 -3.21874234e+03 -2.29269609e+03 1.70895416e+02 1.07690813e-02 2.43900735e-02 4.60897187e+00 1.38000000e-12 3.97861444e-01
-2.40171354e+03 -1.40454286e+03 1.33060451e+03 1.52347519e+02 1.05535956e-02 3.16707082e-02 4.88149562e+00 1.38000000e-12 2.41714878e-01
-2.34068406e+03 4.49411183e+02 3.31241616e+03 2.04920090e+02 8.75322055e-03 2.84534972e-02 5.06735531e+00 1.38000000e-12 2.85846093e-01
1.92775317e+03 -1.25686044e+03 -2.90248159e+03 2.13467346e+02 8.85986350e-03 2.59410422e-02 4.55328145e+00 1.38000000e-12 2.26956771e-01
1.55300438e+03 -1.86174735e+03 -3.07095443e+03 1.96623825e+02 1.02067254e-02 3.33117060e-02 5.03320930e+00 1.38000000e-12 1.48616558e-01
2.71945388e+03 7.23790582e+01 -2.84600252e+03 1.77567627e+02 1.16794063e-02 2.98994631e-02 4.94767845e+00 1.38000000e-12 1.87109357e-01
-1.70528227e+03 -2.82284200e+03 -1.75113647e+03 2.10238205e+02 1.24147926e-02 2.77416110e-02 5.90091788e+00 1.38000000e-12 5.63850631e-01
-2.82339486e+03 -1.76891307e+03 2.07951462e+03 1.87247437e+02 7.43481005e-03 2.81142965e-02 5.09059164e+00 1.38000000e-12 6.94742265e-01
-1.88965815e+03 -3.31153377e+03 -2.94713240e+02 2.01022095e+02 9.04860813e-03 3.41602266e-02 4.74151786e+00 1.38000000e-12 9.23824751e-01
1.94325526e+03 -1.42032362e+03 -3.46149968e+03 2.15626068e+02 1.23803271e-02 3.19826230e-02 4.63652086e+00 1.38000000e-12 4.24305392e-01
-2.88781306e+03 -2.13391201e+03 1.62937110e+03 1.90141724e+02 1.39818769e-02 3.27676646e-02 4.86328056e+00 1.38000000e-12 3.51870219e-01
4.94803220e+02 -2.95073722e+03 -3.58726781e+03 2.03489380e+02 8.33723787e-03 2.25793794e-02 5.26047219e+00 1.38000000e-12 4.02166177e-01
3.26093545e+03 8.40489494e+02 -2.46684172e+03 1.99346725e+02 9.42034181e-03 1.68790556e-02 4.39885806e+00 1.38000000e-12 2.80929040e-01
2.94864475e+03 1.78899693e+03 -1.61515286e+03 1.73988708e+02 1.02400202e-02 2.95478161e-02 4.61065615e+00 1.38000000e-12 3.54215279e-01
1.64675140e+03 -2.18360029e+03 -3.99291578e+03 1.90600861e+02 7.35025154e-03 2.74641551e-02 5.06677333e+00 1.38000000e-12 7.18614290e-01
1.40833512e+03 -2.80633401e+03 -3.42520812e+03 2.21450714e+02 1.58809368e-02 1.35472938e-02 4.45118568e+00 1.38000000e-12 5.16939538e-01
-9.71593346e+02 2.73487852e+03 3.65296967e+03 2.29043213e+02 1.10992519e-02 2.56799776e-02 4.72942628e+00 1.38000000e-12 6.49543917e-01
1.31899850e+03 -2.31490967e+03 -3.98865809e+03 1.96244232e+02 1.16187921e-02 3.17738205e-02 5.70381828e+00 1.38000000e-12 2.94788932e-01
1.38401414e+03 2.85426479e+03 1.22719103e+03 1.68100983e+02 1.00389291e-02 2.30191462e-02 5.50245027e+00 1.38000000e-12 4.15295118e-01
3.07618578e+03 -1.83173336e+02 -3.62930157e+03 2.14460617e+02 8.05430394e-03 2.54640747e-02 4.89926216e+00 1.38000000e-12 8.06829002e-01
-2.95495647e+03 -2.36063905e+03 1.31492662e+03 1.73284164e+02 1.16816536e-02 3.32391597e-02 4.10630808e+00 1.38000000e-12 9.22152981e-01
3.19549199e+03 -1.61629548e+02 -3.68842071e+03 1.94793991e+02 7.90824275e-03 2.67085396e-02 5.32404222e+00 1.38000000e-12 3.92855655e-01
-2.45260235e+01 -3.03341806e+03 -3.51746383e+03 1.77626724e+02 8.94700736e-03 3.06476913e-02 4.87890258e+00 1.38000000e-12 3.72966360e-01
-2.88670235e+03 -3.06751304e+03 5.48872243e+02 1.93584122e+02 9.21759568e-03 3.08909770e-02 4.91523780e+00 1.38000000e-12 6.13352594e-01
3.53117293e+03 2.78369796e+02 -3.62052066e+03 2.03612396e+02 6.62487280e-03 2.50242203e-02 5.31614880e+00 1.38000000e-12 7.54715955e-01
-2.16655477e+03 -3.21246591e+03 -2.72783632e+02 1.87454788e+02 1.38310567e-02 3.21211405e-02 4.85641947e+00 1.38000000e-12 6.61123554e-01
3.09138450e+03 2.24622068e+03 -1.22804250e+03 1.80440765e+02 7.68649625e-03 2.82078311e-02 5.18993286e+00 1.38000000e-12 4.07056384e-01
3.51932215e+03 1.97168422e+03 -2.90776415e+03 2.45619354e+02 1.67059265e-02 2.77303886e-02 4.66160516e+00 1.38000000e-12 7.67085689e-01
7.09491249e+02 3.13806868e+03 2.16257099e+03 1.72902878e+02 7.95826595e-03 2.31711604e-02 4.90560251e+00 1.38000000e-12 1.75030372e-01
-3.24226794e+03 -1.38310302e+03 2.84688840e+03 2.14491943e+02 6.51629828e-03 2.57770550e-02 5.37232604e+00 1.38000000e-12 1.99778540e-01
2.52595177e+03 2.71673323e+03 -1.45201304e+02 1.68963974e+02 9.07521136e-03 2.68254802e-02 4.86469420e+00 1.38000000e-12 1.82017159e-01
3.55373448e+03 2.20756354e+03 -2.78063918e+03 2.75600525e+02 1.52269043e-02 2.77945865e-02 4.86174267e+00 1.38000000e-12 7.13085159e-01
1.83663137e+03 -2.63701278e+03 -4.42861698e+03 1.93923416e+02 1.26888445e-02 2.54871175e-02 5.35296958e+00 1.38000000e-12 2.08004083e-01
3.60565578e+03 3.82885258e+02 -3.31435712e+03 1.99482071e+02 9.12184548e-03 2.59708241e-02 5.78704990e+00 1.38000000e-12 1.53884383e-01
3.56522819e+03 6.14286596e+02 -3.80083863e+03 2.26953186e+02 1.04981204e-02 2.78878640e-02 4.15453572e+00 1.38000000e-12 3.32123949e-01
2.70131817e+03 3.04767447e+03 1.26693269e+02 1.91274979e+02 1.10628670e-02 1.85533613e-02 5.32353467e+00 1.38000000e-12 8.91887150e-01
3.90899963e+03 1.17223620e+03 -2.73174134e+03 2.29998703e+02 8.13431107e-03 2.29807757e-02 5.06191908e+00 1.38000000e-12 3.75259253e-01
3.59478968e+03 2.57855253e+03 -1.31516213e+03 2.35486099e+02 7.95422308e-03 1.51890479e-02 5.04582940e+00 1.38000000e-12 1.96502064e-01
3.74360229e+03 4.68463872e+02 -3.51108686e+03 1.86154266e+02 8.00278317e-03 2.22293753e-02 5.34176192e+00 1.38000000e-12 7.65058763e-01
-2.14801493e+03 -3.68606276e+03 -8.14819181e+02 1.86255402e+02 8.48075002e-03 3.40957083e-02 5.00607291e+00 1.38000000e-12 8.45759707e-01
-2.40724006e+02 3.36619266e+03 3.16594713e+03 2.16818481e+02 8.27427395e-03 2.54651513e-02 5.10184838e+00 1.38000000e-12 1.52183907e-01
1.73672362e+03 3.45224180e+03 1.33326164e+03 1.79460602e+02 8.45837686e-03 1.86170619e-02 5.00826532e+00 1.38000000e-12 3.52740766e-01
-2.41325782e+03 -3.42624152e+03 -2.19921507e+02 1.90683640e+02 8.29234067e-03 3.40191014e-02 4.73392178e+00 1.38000000e-12 2.86485148e-01
2.89622946e+03 -1.49763387e+03 -4.48911115e+03 2.01678650e+02 1.29430899e-02 3.30003314e-02 4.98494595e+00 1.38000000e-12 2.03847432e-01
1.74264948e+03 -2.34152301e+03 -4.62674157e+03 2.00460190e+02 9.42308549e-03 3.23593207e-02 4.95334280e+00 1.38000000e-12 4.37604083e-01
-3.19096015e+02 2.69427395e+03 3.66574323e+03 2.26895248e+02 6.95984671e-03 1.88654680e-02 6.08692660e+00 1.38000000e-12 1.53502141e-01
3.94687404e+03 1.04985370e+03 -2.99648389e+03 2.23764038e+02 9.43958666e-03 2.46753525e-02 4.81554837e+00 1.38000000e-12 6.72681750e-01
7.79706071e+02 -3.30852584e+03 -4.13093031e+03 1.74986938e+02 1.14789288e-02 3.01020090e-02 5.06521731e+00 1.38000000e-12 3.19833108e-01
2.56856833e+03 -2.02331336e+03 -4.34085826e+03 1.93682358e+02 8.31206329e-03 2.56939121e-02 4.98046913e+00 1.38000000e-12 4.85849516e-01
1.04567232e+03 3.62180380e+03 2.26529551e+03 2.00818634e+02 8.64038616e-03 2.38722805e-02 5.98773800e+00 1.38000000e-12 3.22506709e-01
-1.54419518e+02 3.23946558e+03 3.54774220e+03 2.09994339e+02 9.11440141e-03 2.33142078e-02 4.23157116e+00 1.38000000e-12 6.61433780e-01
1.18556952e+03 3.66150767e+03 2.36671215e+03 2.15679764e+02 1.05934590e-02 1.71363205e-02 5.20405311e+00 1.38000000e-12 6.46667149e-01
-1.94384976e+03 2.44307110e+03 4.80685416e+03 2.03574463e+02 7.35478289e-03 2.59257369e-02 4.20364994e+00 1.38000000e-12 7.05115687e-01
2.03109097e+03 -2.47737238e+03 -4.67959223e+03 1.70371246e+02 1.17230294e-02 3.00625674e-02 4.61338731e+00 1.38000000e-12 2.17680366e-01
1.30070049e+03 -2.85051949e+03 -4.61781599e+03 1.78400238e+02 8.00071191e-03 2.86703315e-02 4.83023736e+00 1.38000000e-12 5.09051060e-01
9.02212890e+01 3.48582241e+03 2.43437276e+03 2.21516022e+02 1.20720994e-02 2.59150006e-02 5.59172869e+00 1.38000000e-12 2.59488905e-01
2.12388145e+02 -3.39652322e+03 -3.84131227e+03 1.80657944e+02 9.01604909e-03 2.79963482e-02 4.67517448e+00 1.38000000e-12 2.14041853e-01
2.60405567e+03 3.37666841e+03 1.67577915e+01 1.97444046e+02 9.62748472e-03 1.89009961e-02 4.58886938e+00 1.38000000e-12 9.28594893e-01
-2.51075388e+02 3.33107166e+03 3.23907261e+03 2.15407928e+02 8.65838584e-03 2.27896236e-02 4.84985442e+00 1.38000000e-12 2.13189927e-01
-1.69827943e+03 2.48538333e+03 4.82454309e+03 2.15125977e+02 6.43522851e-03 2.30508782e-02 4.63196593e+00 1.38000000e-12 3.13046113e-01
-2.33736762e+03 2.12681941e+03 4.70314928e+03 2.20394608e+02 1.19588645e-02 2.22600941e-02 4.61526580e+00 1.38000000e-12 3.56409675e-01
3.60200418e+03 2.94099602e+03 -1.01711076e+03 2.48382584e+02 1.19966771e-02 1.87992584e-02 4.79605436e+00 1.38000000e-12 4.81019065e-01
2.05288503e+03 -2.08507691e+03 -4.80911452e+03 2.20556183e+02 8.82079173e-03 3.22918817e-02 5.11320570e+00 1.38000000e-12 1.63716719e-01
4.12897132e+03 1.37994802e+03 -3.00075645e+03 2.03927032e+02 8.93102773e-03 2.38713846e-02 5.54034429e+00 1.38000000e-12 7.02829251e-01
4.07449840e+03 1.10789436e+03 -3.10772671e+03 2.16432251e+02 9.77514312e-03 2.41928138e-02 5.56391411e+00 1.38000000e-12 8.15768687e-01
5.61734008e+02 -3.62017022e+03 -3.83583251e+03 1.82858612e+02 7.56340381e-03 3.10345236e-02 5.44094490e+00 1.38000000e-12 6.26038041e-01
1.70133977e+03 -2.02517310e+03 -4.74694755e+03 2.59009491e+02 1.30151771e-02 3.37792896e-02 5.27604502e+00 1.38000000e-12 1.43190484e-01
-1.80801153e+03 2.66273794e+03 4.94047656e+03 1.83768799e+02 6.48008147e-03 2.44047530e-02 4.99068781e+00 1.38000000e-12 6.15078839e-01
4.33712208e+03 1.99345114e+03 -3.32112406e+03 2.15864197e+02 7.29660550e-03 2.98043918e-02 6.20208161e+00 1.38000000e-12 2.42468257e-01
-1.75553286e+03 -3.89637941e+03 -1.72308506e+03 1.66069275e+02 7.47354981e-03 3.36944424e-02 5.30748934e+00 1.38000000e-12 7.03561654e-01
2.01281365e+03 3.57510671e+03 1.05286202e+03 2.08183746e+02 8.23092088e-03 2.93675736e-02 5.36879909e+00 1.38000000e-12 2.10040595e-01
2.26305452e+03 3.97239796e+03 3.39880334e+02 2.19901413e+02 1.08578512e-02 2.25768071e-02 4.82680225e+00 1.38000000e-12 2.06962809e-01
6.34515134e+02 -3.46576624e+03 -4.20458963e+03 1.96564148e+02 1.13933682e-02 3.03374529e-02 5.49329370e+00 1.38000000e-12 6.54798249e-01
4.34131980e+03 8.11610496e+02 -3.74388531e+03 2.30409073e+02 1.25292810e-02 2.45961305e-02 5.07736529e+00 1.38000000e-12 6.33509713e-01
3.28467557e+03 3.02166916e+03 -7.88778113e+02 2.12874191e+02 7.85310287e-03 2.72532012e-02 4.77166170e+00 1.38000000e-12 4.69155352e-01
-4.40026580e+02 3.46537526e+03 3.60400771e+03 2.04544876e+02 9.97910742e-03 2.52246298e-02 5.18954141e+00 1.38000000e-12 1.76687302e-01
-3.26231522e+03 -3.24305134e+03 7.16306053e+02 2.16104996e+02 1.18305273e-02 3.20160501e-02 5.05140420e+00 1.38000000e-12 1.44443340e-01
-1.30702419e+03 -4.26122213e+03 -2.30407194e+03 1.71089005e+02 1.01989545e-02 2.58009657e-02 4.97317330e+00 1.38000000e-12 1.54133911e-01
-1.41031264e+03 3.09044617e+03 4.70422819e+03 1.81066803e+02 1.03554595e-02 2.29206402e-02 4.94830140e+00 1.38000000e-12 2.32940397e-01
4.74890435e+03 2.64151332e+03 -2.69597838e+03 2.01399078e+02 1.02486610e-02 2.53865607e-02 5.26728357e+00 1.38000000e-12 3.45348031e-01
-1.40046333e+03 3.17179389e+03 4.18519982e+03 2.14209473e+02 1.29921287e-02 2.79569589e-02 4.87553664e+00 1.38000000e-12 2.59352599e-01
-2.78642891e+03 2.01411938e+03 5.08379532e+03 1.92139969e+02 7.51891779e-03 2.79956497e-02 3.85779040e+00 1.38000000e-12 3.38867162e-01
3.13504511e+02 3.79885342e+03 2.83638447e+03 1.79529144e+02 6.03620801e-03 2.79104598e-02 4.49704169e+00 1.38000000e-12 2.23472373e-01
-4.26733959e+03 -1.33970421e+02 5.33851179e+03 2.36991974e+02 6.14665449e-03 1.27039021e-02 5.53494290e+00 1.38000000e-12 3.42432457e-01
6.16507621e+02 4.02155369e+03 2.39105709e+03 2.45692291e+02 8.40390846e-03 2.74358224e-02 5.70758329e+00 1.38000000e-12 2.44118597e-01
-3.23295211e+03 1.13564581e+03 5.41830479e+03 2.18922363e+02 6.88018184e-03 2.35103760e-02 4.22983984e+00 1.38000000e-12 7.25445437e-01
-2.34107569e+03 2.30221171e+03 5.44071767e+03 1.82751968e+02 8.44473392e-03 2.25449093e-02 4.73261900e+00 1.38000000e-12 2.37671158e-01
-3.53360326e+03 -1.23655136e+03 3.35047130e+03 2.23225677e+02 6.88037183e-03 2.15152185e-02 5.50813817e+00 1.38000000e-12 8.95658188e-01
-3.76484504e+03 -1.55051792e+03 2.73786146e+03 2.21487762e+02 1.28013715e-02 2.42191553e-02 4.75675294e+00 1.38000000e-12 1.80271733e-01
-1.17447970e+03 3.08583934e+03 4.71273450e+03 2.08572174e+02 9.92396753e-03 2.50240453e-02 5.47607772e+00 1.38000000e-12 2.36607806e-01
-1.57700363e+03 2.93280238e+03 5.03232315e+03 2.08379105e+02 1.08760558e-02 2.22580228e-02 4.18002530e+00 1.38000000e-12 5.23210388e-01
-3.32139011e+03 1.21552327e+03 5.50656276e+03 2.12676880e+02 7.47333420e-03 2.60688812e-02 4.94976720e+00 1.38000000e-12 2.97254973e-01
-4.00708394e+02 -4.11310491e+03 -3.36575726e+03 2.04842529e+02 8.76533706e-03 3.18222791e-02 4.88713279e+00 1.38000000e-12 7.49973740e-01
-4.42289910e+03 -1.69964270e+03 3.17438808e+03 2.63752533e+02 9.22736526e-03 2.74055656e-02 5.43520657e+00 1.38000000e-12 4.15981270e-01
-2.61291122e+03 1.94745717e+03 5.19995811e+03 1.97564102e+02 6.16850145e-03 2.09556837e-02 4.99728852e+00 1.38000000e-12 1.57889502e-01
-1.19044514e+02 4.58328330e+03 2.78420081e+03 3.61986664e+02 1.31815625e-02 2.09384710e-02 4.79781158e+00 1.38000000e-12 8.99522040e-01
-2.04649551e+03 2.92128234e+03 5.26800064e+03 2.12962585e+02 1.16567323e-02 2.69091651e-02 5.59190777e+00 1.38000000e-12 5.98947855e-01
-1.12312628e+03 3.69479407e+03 4.28578350e+03 2.33904602e+02 6.50997274e-03 3.26357447e-02 4.69875330e+00 1.38000000e-12 5.83413426e-01
4.37898758e+03 3.99128348e+03 -1.75177550e+03 2.50656158e+02 8.04560818e-03 2.18740907e-02 5.54828614e+00 1.38000000e-12 3.01010279e-01
4.38224073e+03 3.61033337e+03 -2.47304359e+03 2.63034760e+02 7.23073259e-03 2.38529947e-02 4.68515328e+00 1.38000000e-12 3.65444958e-01
-3.36373916e+03 -3.51866036e+03 4.13859723e+02 2.13509277e+02 9.77728795e-03 3.11600734e-02 5.31071335e+00 1.38000000e-12 6.08589604e-01
-3.76755564e+03 -2.41301666e+03 2.20474882e+03 2.31598862e+02 1.16217565e-02 2.45824568e-02 4.98855660e+00 1.38000000e-12 9.18227812e-01
-3.39490503e+03 1.34626992e+03 5.29971420e+03 2.55422745e+02 8.39567278e-03 2.31644381e-02 5.79559556e+00 1.38000000e-12 3.19700824e-01
4.65521578e+03 2.97043632e+03 -1.85437752e+03 2.45464188e+02 8.74445308e-03 2.13089678e-02 4.87537643e+00 1.38000000e-12 3.83321382e-01
-1.77190278e+03 3.39410786e+03 3.79661445e+03 2.85371002e+02 1.08327437e-02 2.62153801e-02 5.11834562e+00 1.38000000e-12 2.27622619e-01
-4.05202262e+03 7.44191246e+02 5.20255309e+03 2.54960083e+02 7.74783362e-03 1.92604251e-02 5.52679935e+00 1.38000000e-12 4.00519933e-01
-2.61888166e+03 2.04315680e+03 5.49713477e+03 2.08238159e+02 6.86211325e-03 2.02730205e-02 5.13326538e+00 1.38000000e-12 1.94550706e-01
-3.92164605e+03 4.22866197e+02 5.46389273e+03 2.29107590e+02 1.23934876e-02 2.07389761e-02 5.68730253e+00 1.38000000e-12 8.33663773e-01
-5.04562731e+03 -1.23675544e+03 3.98384679e+03 2.48721344e+02 8.95381719e-03 2.34284103e-02 4.80209833e+00 1.38000000e-12 5.64663023e-01
-4.05341929e+03 -2.26511634e+03 2.54071880e+03 2.54803101e+02 9.03128646e-03 2.10610591e-02 4.90374133e+00 1.38000000e-12 3.91356315e-01
4.47023165e+03 1.58443509e+03 -4.22189811e+03 2.60148010e+02 1.18770674e-02 2.72864643e-02 4.66765191e+00 1.38000000e-12 1.41516282e-01
-6.66106943e+02 -4.35620049e+03 -3.37538208e+03 1.69960724e+02 9.30217095e-03 3.00251544e-02 5.48056239e+00 1.38000000e-12 2.61188044e-01
-3.51446420e+03 -3.76483758e+03 6.87445646e+02 2.23137085e+02 7.01854378e-03 2.59594545e-02 4.02327790e+00 1.38000000e-12 4.88759806e-01
-4.75074005e+03 -1.34979691e+02 5.14877916e+03 2.15732880e+02 6.95646228e-03 2.88501475e-02 5.08236978e+00 1.38000000e-12 3.02941366e-01
-4.11147632e+03 6.97058683e+02 5.41634022e+03 2.39709335e+02 5.23544755e-03 2.71309521e-02 5.20500691e+00 1.38000000e-12 2.04057333e-01
1.36085055e+03 -3.72768785e+03 -4.65143172e+03 2.45097351e+02 8.52003787e-03 1.97951701e-02 4.79525399e+00 1.38000000e-12 2.28527548e-01
-5.29131200e+03 -2.63374411e+03 3.52385426e+03 2.84818329e+02 1.03990566e-02 3.20202895e-02 5.45358625e+00 1.38000000e-12 1.85503905e-01
-4.36833463e+03 9.72710520e+01 5.32033162e+03 2.22362930e+02 4.90159495e-03 2.97547802e-02 4.99915299e+00 1.38000000e-12 6.82358438e-01
-2.38687398e+03 -4.57941411e+03 -1.58253614e+03 2.37236374e+02 5.59954159e-03 1.95401218e-02 5.48439129e+00 1.38000000e-12 2.82490972e-01
-4.74094758e+03 8.06476673e+02 5.03941001e+03 2.80446106e+02 8.03251099e-03 2.17421893e-02 5.19267008e+00 1.38000000e-12 4.54978919e-01
-2.05113979e+03 -4.51222197e+03 -2.08210354e+03 1.91590652e+02 7.70077901e-03 2.72485837e-02 4.23581208e+00 1.38000000e-12 1.68771698e-01
4.94932681e+03 3.22789497e+03 -3.42597050e+03 3.07309479e+02 9.41003114e-03 2.79592127e-02 5.20227120e+00 1.38000000e-12 6.84845947e-01
-4.74757937e+03 -5.20966225e+02 4.75065017e+03 2.49290863e+02 9.06413049e-03 2.51686480e-02 4.77185608e+00 1.38000000e-12 8.28862432e-01
-4.34577581e+03 1.27072275e+03 5.15040735e+03 3.03870544e+02 7.74595607e-03 2.19127331e-02 5.20580449e+00 1.38000000e-12 6.94775270e-01
-3.00372002e+02 4.70376716e+03 3.78736013e+03 3.71699463e+02 8.02754145e-03 1.53367436e-02 5.59139429e+00 1.38000000e-12 5.26808245e-01
-3.05094691e+03 1.95844682e+03 6.05577998e+03 2.33867981e+02 6.32646587e-03 3.07720900e-02 5.16463533e+00 1.38000000e-12 2.99966710e-01
-5.01428160e+03 -1.51920438e+03 4.12817004e+03 2.56721283e+02 8.47336836e-03 1.62490495e-02 4.90975560e+00 1.38000000e-12 8.94414199e-01
7.70131750e+02 4.90820348e+03 2.94501248e+03 3.05031769e+02 1.12424735e-02 1.97204407e-02 5.65877383e+00 1.38000000e-12 3.53256010e-01
-4.83686818e+03 6.62489677e+01 4.95209725e+03 2.67724365e+02 1.11215943e-02 2.22496279e-02 4.60714543e+00 1.38000000e-12 4.04429827e-01
-5.36367617e+03 -9.62305344e+02 4.15535164e+03 2.92827423e+02 1.00235958e-02 2.94316355e-02 4.88621848e+00 1.38000000e-12 5.25493796e-01
4.97718280e+03 4.56541450e+03 -1.61247345e+03 2.52476303e+02 9.44656227e-03 2.40005814e-02 4.86397853e+00 1.38000000e-12 7.89536281e-01
-2.80252863e+03 2.33647561e+03 5.87615457e+03 2.08792068e+02 8.55927542e-03 2.68455967e-02 4.75456185e+00 1.38000000e-12 5.44730254e-01
-5.22674503e+03 -2.84142828e+03 3.18398075e+03 2.87798187e+02 6.87594619e-03 3.24702188e-02 4.56821749e+00 1.38000000e-12 2.92577149e-01
-7.93370519e+02 -3.74958191e+03 -4.06027459e+03 2.94680054e+02 1.25346817e-02 3.22771333e-02 4.75546548e+00 1.38000000e-12 4.57750308e-01
4.18452559e+03 4.21797255e+03 -7.58029514e+02 2.58602661e+02 5.42558264e-03 2.12755762e-02 5.32356064e+00 1.38000000e-12 4.76701755e-01
-1.52245125e+03 -4.83889362e+03 -2.64104465e+03 2.05716934e+02 1.44989546e-02 1.96646582e-02 4.94421701e+00 1.38000000e-12 4.87464608e-01
-3.33088542e+03 1.84557595e+03 6.11953500e+03 2.12261292e+02 7.12428847e-03 3.34959179e-02 4.88039103e+00 1.38000000e-12 3.57602203e-01
7.22843806e+01 -4.05783051e+03 -4.13054098e+03 2.10788254e+02 8.67753848e-03 3.08145322e-02 6.07594040e+00 1.38000000e-12 8.27604944e-01
-5.13795242e+03 -1.74070730e+03 4.43418905e+03 2.80018372e+02 8.42473470e-03 3.06303632e-02 5.01112089e+00 1.38000000e-12 9.89314657e-01
2.08400063e+03 5.56394316e+03 1.77468743e+03 3.87993896e+02 9.84263141e-03 1.37599148e-02 5.15150013e+00 1.38000000e-12 4.85430530e-01
-4.09898902e+03 -2.38159075e+03 2.63065319e+03 2.69648743e+02 1.01468023e-02 2.25667655e-02 5.15855858e+00 1.38000000e-12 5.62933760e-01
-8.96495131e+02 -4.14713502e+03 -3.41594048e+03 1.96236206e+02 9.43292957e-03 2.72377450e-02 5.05652767e+00 1.38000000e-12 2.14206422e-01
4.40366533e+03 5.22222505e+03 -8.38507057e+02 2.92236542e+02 8.57957918e-03 2.31467597e-02 4.97903283e+00 1.38000000e-12 1.69084323e-01
5.19719619e+03 3.65707191e+03 -1.38428318e+03 3.21310211e+02 1.09368963e-02 2.17260141e-02 4.72239982e+00 1.38000000e-12 1.01903309e+00
-4.78361328e+03 -2.10429926e+02 5.06540409e+03 2.21230392e+02 1.00449985e-02 2.54200529e-02 4.66027881e+00 1.38000000e-12 5.50974803e-01
4.52184272e+03 5.06363739e+03 -1.00345053e+03 2.75924164e+02 8.05518683e-03 2.47086585e-02 4.90371130e+00 1.38000000e-12 6.48504828e-01
5.00807242e+03 5.03629657e+03 -1.60530455e+03 2.60386261e+02 1.48196826e-02 2.39280388e-02 4.91148208e+00 1.38000000e-12 3.03180879e-01
-5.31567707e+03 -1.74629512e+03 4.03766988e+03 2.69426208e+02 6.02884544e-03 1.51688708e-02 4.39194616e+00 1.38000000e-12 1.47036906e-01
-4.96506255e+03 -2.48359870e+03 3.44314039e+03 2.60187408e+02 6.18802523e-03 3.24522518e-02 5.19475068e+00 1.38000000e-12 7.31610470e-01
2.96906618e+03 -2.02245138e+03 -5.88098471e+03 2.57719818e+02 6.69494318e-03 3.20813321e-02 4.70829850e+00 1.38000000e-12 2.54002253e-01
-4.42164049e+03 -9.63125899e+02 4.40091717e+03 2.42795151e+02 8.22210032e-03 1.72610842e-02 4.99172761e+00 1.38000000e-12 6.13388916e-01
2.38746560e+03 -2.30543699e+03 -5.98216049e+03 2.57299286e+02 1.10230213e-02 3.42333354e-02 4.77817048e+00 1.38000000e-12 1.71388928e-01
4.54011109e+03 5.16640650e+03 -1.61673297e+03 3.30691620e+02 1.10148685e-02 1.95967574e-02 5.40094957e+00 1.38000000e-12 2.97435584e-01
4.63469209e+03 4.54909586e+03 -1.20918277e+03 2.55430084e+02 6.03638683e-03 2.16236394e-02 4.73798605e+00 1.38000000e-12 5.09948192e-01
-5.14107213e+03 -3.26618970e+03 2.34926281e+03 2.91274261e+02 7.19183683e-03 2.99612004e-02 4.88830805e+00 1.38000000e-12 2.89754287e-01
4.05560013e+03 5.39890274e+03 -4.91749844e+02 3.13657867e+02 9.51143820e-03 2.40300074e-02 5.39593275e+00 1.38000000e-12 3.40763946e-01
3.26409604e+02 -4.00031558e+03 -4.60359998e+03 2.34063019e+02 5.81761077e-03 1.97836421e-02 4.96977789e+00 1.38000000e-12 5.31199577e-01
2.08141670e+03 4.96839154e+03 2.55153680e+03 3.47997345e+02 8.92324559e-03 1.71704087e-02 5.31705907e+00 1.38000000e-12 3.95976222e-01
4.76517854e+03 1.49597259e+03 -4.47405773e+03 2.78855377e+02 1.08974464e-02 1.47259282e-02 5.03930616e+00 1.38000000e-12 2.47312281e-01
3.02165943e+03 5.53232924e+03 1.10296771e+03 3.21447723e+02 1.07954675e-02 1.33536095e-02 5.19910232e+00 1.38000000e-12 5.92174640e-01
2.58644471e+03 -2.51832659e+03 -5.63440602e+03 2.41619904e+02 8.54838639e-03 2.91132852e-02 4.90758510e+00 1.38000000e-12 4.61050361e-01
-5.20122700e+03 -3.06298971e+03 2.80675969e+03 2.84802521e+02 1.01632923e-02 3.24744806e-02 5.03651186e+00 1.38000000e-12 5.29782330e-01
3.87690149e+03 5.31919805e+03 -1.30996979e+02 2.88338348e+02 8.04228242e-03 1.89911295e-02 5.55201206e+00 1.38000000e-12 1.51373561e-01
-5.31227509e+03 8.74383006e+02 4.58422608e+03 3.77727325e+02 9.49409045e-03 2.41522510e-02 5.44312482e+00 1.38000000e-12 3.57341564e-01
3.90547389e+03 -9.83744748e+02 -5.98235059e+03 2.50791428e+02 9.25013516e-03 2.80778110e-02 4.63895979e+00 1.38000000e-12 1.84681669e-01
4.85527785e+03 1.71433935e+03 -4.35326092e+03 2.63171082e+02 1.14934389e-02 1.55117186e-02 6.10718219e+00 1.38000000e-12 3.36368011e-01
-5.55793604e+03 -2.44641261e+02 5.28724211e+03 2.86095551e+02 8.63187574e-03 2.58703269e-02 4.62261740e+00 1.38000000e-12 8.46029878e-01
-5.29313723e+03 1.26700632e+03 5.03902324e+03 3.61633453e+02 1.15153175e-02 2.19529737e-02 4.69942521e+00 1.38000000e-12 2.08732453e-01
-5.14624230e+03 -1.05821931e+03 6.63470842e+03 4.15363739e+02 1.02423904e-02 1.86572019e-02 4.95767367e+00 1.38000000e-12 6.64741839e-01
3.16331053e+02 -4.43181655e+03 -4.52487374e+03 2.75939453e+02 7.79991504e-03 1.90188363e-02 4.80216512e+00 1.38000000e-12 6.37079696e-01
5.10372981e+03 2.88374981e+03 -3.61769304e+03 2.97810577e+02 7.48077035e-03 1.85001697e-02 4.79108704e+00 1.38000000e-12 1.48024430e-01
3.25030921e+03 -1.99540899e+03 -5.75724121e+03 2.16717316e+02 9.05186590e-03 2.31468007e-02 4.45787939e+00 1.38000000e-12 5.66179508e-01
-5.49862463e+03 6.05705527e+02 5.03838377e+03 3.49836609e+02 1.06311645e-02 2.54341289e-02 5.31289607e+00 1.38000000e-12 3.11325412e-01
-1.93113467e+03 -4.96176582e+03 -3.05306990e+03 2.86751709e+02 1.00187073e-02 2.83818226e-02 4.86496325e+00 1.38000000e-12 2.52641768e-01
3.70964633e+03 -2.06061365e+03 -5.57607840e+03 2.34957825e+02 1.07371351e-02 1.99602637e-02 4.95507159e+00 1.38000000e-12 1.03389416e+00
3.51502427e+03 -1.89109350e+03 -5.66055603e+03 2.18584564e+02 5.94583619e-03 1.89384185e-02 4.29018337e+00 1.38000000e-12 3.86598286e-01
4.20153896e+03 5.78231361e+03 -1.16290819e+02 3.28398193e+02 5.85003337e-03 2.53139157e-02 5.81548883e+00 1.38000000e-12 3.36411198e-01
-2.67884070e+03 3.73229983e+03 5.52365107e+03 3.76789368e+02 7.42022740e-03 2.98507456e-02 5.40058505e+00 1.38000000e-12 6.13762878e-01
-5.03817171e+03 -3.64063270e+03 2.43107937e+03 2.88531891e+02 1.01991268e-02 2.65416391e-02 4.90784829e+00 1.38000000e-12 2.10990043e-01
-9.17442286e+02 5.13742937e+03 4.72742086e+03 3.72208191e+02 6.27188990e-03 2.12020408e-02 5.18558143e+00 1.38000000e-12 2.03877722e-01
-2.53744994e+03 3.46426407e+03 5.73107547e+03 3.34079041e+02 6.47693686e-03 3.20420489e-02 4.67421753e+00 1.38000000e-12 1.41727345e-01
-2.56973621e+03 2.89538509e+03 6.18645043e+03 2.92729706e+02 5.40163508e-03 2.99148578e-02 4.63056872e+00 1.38000000e-12 9.31455369e-01
2.47548859e+02 5.28363196e+03 3.86100693e+03 3.54541382e+02 1.09908013e-02 1.99660137e-02 5.23958268e+00 1.38000000e-12 6.67339583e-01
1.16050763e+03 -3.99507731e+03 -5.36226985e+03 2.49902451e+02 8.36941507e-03 2.72015203e-02 5.51956648e+00 1.38000000e-12 9.49044619e-01
-9.26659943e+01 4.97737034e+03 4.44253898e+03 3.37651672e+02 9.75644216e-03 2.20612232e-02 4.85532508e+00 1.38000000e-12 3.19616335e-01
1.58934077e+03 -3.49764170e+03 -5.76304432e+03 2.77018890e+02 1.08676571e-02 2.75725499e-02 5.46985285e+00 1.38000000e-12 3.26331234e-01
5.42387485e+03 1.07594913e+03 -5.15911583e+03 2.62223816e+02 8.09903722e-03 2.73513142e-02 5.30944968e+00 1.38000000e-12 7.58498408e-01
-5.52677166e+03 -2.00651629e+02 5.59468381e+03 2.64742188e+02 9.43685789e-03 2.26844866e-02 5.19328120e+00 1.38000000e-12 3.17095442e-01
-5.62696327e+03 -2.34958860e+03 4.97354231e+03 2.99006409e+02 9.44064185e-03 2.31531449e-02 5.07112764e+00 1.38000000e-12 9.71893393e-01
3.85146249e+03 -1.30785315e+03 -6.03500158e+03 2.30695755e+02 1.00701107e-02 2.33037192e-02 5.42809673e+00 1.38000000e-12 1.78525250e-01
4.76008056e+03 6.47006095e+03 -1.31628950e+01 3.13879639e+02 8.62903614e-03 2.44615264e-02 5.28019850e+00 1.38000000e-12 8.34961779e-01
3.79292405e+03 -1.90940183e+03 -5.93908917e+03 2.45838806e+02 7.09784776e-03 3.02156936e-02 5.18119787e+00 1.38000000e-12 1.45902605e-01
4.23352155e+03 5.91848063e+03 9.02038135e+02 2.84948486e+02 7.00421026e-03 2.51240190e-02 5.40781834e+00 1.38000000e-12 1.63552794e-01
-3.43989482e+03 -6.13160872e+03 -1.66691460e+03 2.86398834e+02 9.16568469e-03 2.81844418e-02 5.49282860e+00 1.38000000e-12 3.72776995e-01
5.06393341e+03 3.37478979e+02 -5.89392448e+03 2.16874985e+02 7.45178992e-03 2.88210772e-02 5.14833332e+00 1.38000000e-12 2.34809304e-01
5.93456028e+03 3.86459343e+03 -4.21284470e+03 2.95135559e+02 1.13528473e-02 2.71438453e-02 4.58336655e+00 1.38000000e-12 9.19088421e-01
3.88508751e+03 -1.65061840e+03 -6.07476147e+03 2.37241821e+02 9.07488260e-03 3.11250053e-02 4.50907301e+00 1.38000000e-12 6.25708767e-01
3.63188607e+03 6.15003433e+03 1.33848818e+03 3.23122986e+02 1.02029843e-02 1.84033979e-02 4.67043672e+00 1.38000000e-12 2.57013809e-01
-8.90508793e+02 -5.48921357e+03 -3.80897773e+03 2.93358765e+02 9.50970966e-03 2.77866460e-02 4.67827081e+00 1.38000000e-12 1.95317271e-01
6.13370883e+03 2.13802850e+03 -5.50975016e+03 2.52797165e+02 8.98466725e-03 2.84878016e-02 5.00416517e+00 1.38000000e-12 2.42936596e-01
4.79480270e+03 6.68985723e+03 1.35207325e+02 3.07796570e+02 1.17550539e-02 2.63622850e-02 4.85113903e+00 1.38000000e-12 8.12511878e-01
5.73012151e+03 1.07827051e+03 -5.82212704e+03 2.14011093e+02 1.43661285e-02 2.94662267e-02 4.83356132e+00 1.38000000e-12 4.95872170e-01
6.31472652e+03 4.30325275e+03 -3.72115170e+03 2.86927887e+02 8.22842773e-03 2.92907953e-02 4.79228731e+00 1.38000000e-12 8.89203822e-01
3.84571850e+03 -7.29867777e+02 -6.90929106e+03 3.86516968e+02 1.18117239e-02 2.55938843e-02 4.85850355e+00 1.38000000e-12 3.69138155e-01
-3.70272427e+03 -5.65966736e+03 -3.75897659e+02 3.12075684e+02 7.02574430e-03 2.77542677e-02 4.09053964e+00 1.38000000e-12 7.07992269e-01
-7.36752375e+03 -4.97879799e+02 4.83202079e+03 4.65650726e+02 1.12615246e-02 2.09018905e-02 4.91212381e+00 1.38000000e-12 5.32467627e-01
-4.47295196e+03 7.94135896e+02 7.36111425e+03 3.76883240e+02 7.76820397e-03 2.72066686e-02 4.78322999e+00 1.38000000e-12 3.35667865e-01
4.49229259e+03 7.15301649e+03 1.12826862e+03 3.04383240e+02 6.71264296e-03 2.32155956e-02 5.22143315e+00 1.38000000e-12 5.59235894e-01
2.70743332e+03 -2.98461705e+03 -6.21975230e+03 2.94383911e+02 8.48718360e-03 2.79987827e-02 4.21843245e+00 1.38000000e-12 9.64285360e-01
-6.26387384e+03 -1.44164689e+03 5.08250409e+03 2.68913086e+02 1.12502668e-02 1.73601992e-02 4.51439717e+00 1.38000000e-12 2.83564904e-01
5.88560655e+03 1.16830312e+03 -5.72816461e+03 2.10591354e+02 8.41662753e-03 2.62937583e-02 5.87810843e+00 1.38000000e-12 7.99978894e-01
4.15995919e+03 7.31078924e+03 8.19281616e+02 4.05706787e+02 7.50158448e-03 2.30506212e-02 5.32194625e+00 1.38000000e-12 8.83784429e-01
-6.07316543e+03 -2.03299728e+03 6.08547915e+03 3.37613251e+02 9.04664211e-03 1.24975611e-02 5.15534867e+00 1.38000000e-12 3.47487238e-01
2.58371624e+03 -3.29025883e+03 -6.06533148e+03 2.55541275e+02 8.44246149e-03 2.64463145e-02 4.72146475e+00 1.38000000e-12 1.93279203e-01
-5.94272131e+03 -4.88673138e+03 2.74754415e+03 3.56485565e+02 1.00308862e-02 1.95862185e-02 4.67903046e+00 1.38000000e-12 8.24793590e-01
6.06608176e+03 5.94841298e+03 -1.52993260e+03 3.15779755e+02 7.21931970e-03 2.48114951e-02 5.74099483e+00 1.38000000e-12 5.68647667e-01
1.95606577e+03 -4.12905780e+03 -5.79601463e+03 2.64715485e+02 8.42510071e-03 2.63667777e-02 5.19640745e+00 1.38000000e-12 8.46959926e-01
4.69785328e+03 -1.00434268e+03 -5.79253967e+03 2.45898422e+02 6.96894433e-03 2.09916793e-02 5.04082973e+00 1.38000000e-12 3.89079862e-01
4.80010985e+03 -5.62151628e+02 -6.00338372e+03 1.96050140e+02 7.00017484e-03 2.68831365e-02 4.84948548e+00 1.38000000e-12 2.10811821e-01
-1.94617096e+03 -5.89847496e+03 -3.16849109e+03 3.13809326e+02 1.06840590e-02 2.84890700e-02 4.23595357e+00 1.38000000e-12 2.98382902e-01
-4.62760067e+03 1.04864651e+03 7.38807179e+03 3.86863647e+02 9.23565589e-03 2.75867395e-02 5.77671197e+00 1.38000000e-12 5.08538818e-01
-5.46831066e+03 -5.38493312e+03 1.89752413e+03 3.82246094e+02 7.11594289e-03 2.37018783e-02 5.07171318e+00 1.38000000e-12 5.60429188e-01
2.29786938e+03 -4.24697457e+03 -5.81463110e+03 3.03903809e+02 8.63540825e-03 2.28602290e-02 5.03628507e+00 1.38000000e-12 3.47002418e-01
-5.06832252e+03 -4.22820595e+03 3.00096580e+03 3.63177399e+02 1.18135968e-02 2.60672215e-02 5.02574435e+00 1.38000000e-12 4.41448641e-01
2.62904979e+03 -3.64329485e+03 -5.69538825e+03 2.51917999e+02 1.06097534e-02 2.02015154e-02 5.06032454e+00 1.38000000e-12 1.44628213e-01
5.75757544e+03 1.58301653e+02 -6.00073342e+03 2.39897995e+02 9.80921835e-03 3.03725097e-02 5.14971995e+00 1.38000000e-12 1.76415794e-01
-6.20920711e+03 -5.37792888e+03 1.69944460e+03 3.45483215e+02 1.03755612e-02 2.07117666e-02 4.79216933e+00 1.38000000e-12 1.68905046e-01
8.59552231e+02 -4.77238589e+03 -5.61748741e+03 2.98134399e+02 1.12688169e-02 2.83753462e-02 5.20084025e+00 1.38000000e-12 1.91249757e-01
-3.87944198e+03 -7.03720502e+03 -8.95014553e+02 4.52740631e+02 7.48183997e-03 1.93283968e-02 4.37271701e+00 1.38000000e-12 2.25761430e-01
6.57912040e+03 3.87855536e+03 -3.44728998e+03 2.94965607e+02 8.13669711e-03 2.42301021e-02 4.38839898e+00 1.38000000e-12 7.53719776e-01
-7.81451707e+03 -2.17108593e+03 4.61785322e+03 4.29848969e+02 5.97511278e-03 1.78606585e-02 4.96349680e+00 1.38000000e-12 1.37877994e-01
1.82955168e+02 -5.68106471e+03 -5.63859063e+03 3.78042847e+02 9.49786138e-03 2.45263129e-02 4.58029333e+00 1.38000000e-12 9.76848545e-01
-1.80393220e+03 -6.07108569e+03 -4.48247534e+03 3.80474915e+02 9.68872290e-03 2.12433301e-02 5.64603084e+00 1.38000000e-12 2.12652559e-01
-4.32971265e+03 -7.01970174e+03 -1.09075864e+03 4.22052246e+02 1.07071232e-02 2.11479384e-02 4.48559837e+00 1.38000000e-12 3.68418809e-01
2.29304376e+01 -6.05451616e+03 -4.40066761e+03 3.41115448e+02 1.07830036e-02 2.35918947e-02 4.91990767e+00 1.38000000e-12 8.81718570e-01
1.59237182e+03 -5.12157292e+03 -6.20515647e+03 3.66927704e+02 1.27451532e-02 2.97561381e-02 5.24093803e+00 1.38000000e-12 1.49894086e-01
-6.46814374e+03 -7.74066904e+02 6.75329385e+03 3.84100159e+02 6.47389702e-03 2.37124413e-02 4.35651654e+00 1.38000000e-12 1.68460802e-01
6.17637023e+03 -3.35358902e+02 -6.23388626e+03 3.12659424e+02 6.55042520e-03 2.09538303e-02 5.16162392e+00 1.38000000e-12 8.62826312e-01
1.83593854e+03 7.75552541e+03 4.83732087e+03 4.10274506e+02 1.16083147e-02 1.53772114e-02 4.58867498e+00 1.38000000e-12 5.46099719e-01
4.19737457e+03 -2.75663856e+03 -6.59485257e+03 2.94623230e+02 1.31274033e-02 2.55455449e-02 4.98385788e+00 1.38000000e-12 3.82758847e-01
6.77274151e+03 5.47313324e+03 -1.58065056e+03 3.02872833e+02 9.26546846e-03 2.34118216e-02 5.21550182e+00 1.38000000e-12 8.77624599e-01
3.75525452e+03 -3.33558613e+03 -6.99038783e+03 3.64492310e+02 1.33154532e-02 2.19629109e-02 4.76975606e+00 1.38000000e-12 2.21328801e-01
3.39389303e+03 -3.85966429e+03 -6.92743497e+03 3.14368591e+02 1.13559328e-02 2.25326233e-02 4.90843886e+00 1.38000000e-12 2.45199788e-01
-5.83055115e+03 -6.99861042e+02 7.58578681e+03 5.00000000e+02 7.92052224e-03 1.11219836e-02 5.86086402e+00 1.38000000e-12 8.29979699e-01
-6.17106661e+03 -4.42652486e+03 5.38069392e+03 4.68372650e+02 9.03315097e-03 2.07282361e-02 5.60384678e+00 1.38000000e-12 4.60559683e-01
-7.16760304e+03 -4.92077350e+03 7.78059739e+02 5.00000000e+02 1.13221155e-02 1.96497142e-02 4.70805846e+00 1.38000000e-12 3.60029201e-01
6.63928394e+03 6.69138072e+03 -1.08077116e+03 3.43692078e+02 1.03293648e-02 2.34723296e-02 4.93803912e+00 1.38000000e-12 4.33177847e-01
-4.81394115e+03 1.86607890e+03 7.73466921e+03 4.41026489e+02 1.02339676e-02 1.70455538e-02 4.82939268e+00 1.38000000e-12 1.57984240e-01
6.54723533e+03 6.36694057e+02 -6.35412806e+03 2.93866180e+02 1.07471161e-02 2.58041061e-02 4.99400348e+00 1.38000000e-12 3.40683482e-01
3.47850746e+03 7.81725005e+03 3.52732583e+03 3.32450531e+02 8.80454388e-03 1.66904405e-02 4.39893134e+00 1.38000000e-12 5.96052123e-01
7.48747371e+03 5.16149124e+03 -2.57414089e+03 2.97804657e+02 8.28360952e-03 1.92835499e-02 4.82758866e+00 1.38000000e-12 2.29481997e-01
-6.10174572e+03 -7.27994745e+03 -9.62755384e+02 4.20729370e+02 1.02834683e-02 8.07913300e-03 5.41458564e+00 1.38000000e-12 3.19548391e-01
-5.42336282e+03 -7.63144116e+03 1.34576799e+03 4.14880585e+02 1.09469825e-02 9.94447526e-03 3.97114805e+00 1.38000000e-12 5.72180343e-01
7.07939996e+03 7.02787412e+03 -3.73955653e+02 3.40522705e+02 7.08633522e-03 1.86403207e-02 5.38517007e+00 1.38000000e-12 6.19992861e-01
-6.14764179e+03 -5.36015932e+03 3.69195938e+03 3.93308838e+02 1.11138597e-02 2.29961891e-02 4.62838874e+00 1.38000000e-12 2.21634634e-01
4.40387664e+03 -2.36767575e+03 -7.59645000e+03 3.44142944e+02 1.04889907e-02 2.10287590e-02 4.91276511e+00 1.38000000e-12 4.54853925e-01
7.53902605e+03 2.90169800e+03 -4.39408086e+03 3.65476288e+02 1.22293709e-02 1.92358289e-02 4.85656183e+00 1.38000000e-12 8.19099453e-01
3.16408795e+03 8.43766030e+03 4.26192438e+03 4.31437469e+02 1.03335418e-02 2.07144693e-02 4.91137646e+00 1.38000000e-12 4.72132579e-01
6.78510386e+03 6.94064055e+03 -1.08429892e+03 3.29944702e+02 8.43770709e-03 1.62013136e-02 5.28053645e+00 1.38000000e-12 6.91624256e-01
2.65951506e+03 8.13996611e+03 4.07215172e+03 4.43876740e+02 8.33312981e-03 1.63665265e-02 4.88726030e+00 1.38000000e-12 7.38225767e-01
1.97323370e+03 8.46547452e+03 6.02824157e+03 4.83648529e+02 1.10303489e-02 2.22311839e-02 4.60141485e+00 1.38000000e-12 3.53891211e-01
6.74611256e+03 6.93570036e+03 -2.02518104e+03 3.97839966e+02 1.41904410e-02 1.82055291e-02 5.16669426e+00 1.38000000e-12 1.55773305e-01
-7.61484779e+03 -5.89256571e+03 5.00054126e+03 3.44563934e+02 1.11236842e-02 2.14207266e-02 4.69005493e+00 1.38000000e-12 7.13411498e-01
7.77954627e+03 6.39824396e+03 -2.02898188e+03 3.78236969e+02 9.05434787e-03 2.05752980e-02 5.09932215e+00 1.38000000e-12 1.05387127e+00
-5.56641424e+03 -8.19380596e+03 -1.31926435e+03 5.00000000e+02 1.14284158e-02 8.89433827e-03 5.18612089e+00 1.38000000e-12 1.66734412e-01
1.23856968e+02 8.26643428e+03 6.50654777e+03 5.00000000e+02 1.21818520e-02 2.22019292e-02 5.18039856e+00 1.38000000e-12 6.15400720e-01
3.49912414e+03 8.86390051e+03 4.66453849e+03 4.49219940e+02 7.42232986e-03 2.03231797e-02 5.70167851e+00 1.38000000e-12 1.87444171e-01
7.60758533e+03 6.10074310e+03 -3.16406792e+03 3.70078003e+02 9.62858833e-03 1.82644986e-02 4.85331565e+00 1.38000000e-12 5.91896316e-01
-6.88024342e+03 -7.14771120e+03 3.35594026e+03 3.89214966e+02 6.66592410e-03 2.28221230e-02 4.42811523e+00 1.38000000e-12 8.78063106e-01
4.03841411e+03 9.22452824e+03 4.00914746e+03 4.62270813e+02 1.36611937e-02 1.98412929e-02 4.62941163e+00 1.38000000e-12 2.02625639e-01
2.31861075e+03 8.99047793e+03 6.02760407e+03 5.00000000e+02 7.35377753e-03 2.06430592e-02 4.88836524e+00 1.38000000e-12 7.63247759e-01
-4.34265195e+03 -8.20477231e+03 -2.54307977e+02 5.00000000e+02 1.35432277e-02 2.27142684e-02 4.27535311e+00 1.38000000e-12 3.50588903e-01
-7.11072437e+03 -1.49095947e+02 8.99160063e+03 5.00000000e+02 6.73964620e-03 1.99952088e-02 5.33120359e+00 1.38000000e-12 4.79394608e-01
8.02344083e+03 7.64292191e+03 -7.47554313e+02 5.00000000e+02 9.71039757e-03 1.72353704e-02 5.34165790e+00 1.38000000e-12 1.62822498e-01
3.88535320e+03 9.69007674e+03 3.92998371e+03 4.80015564e+02 1.10852765e-02 1.19134225e-02 4.67416161e+00 1.38000000e-12 5.38736305e-01
2.61603147e+02 8.64942510e+03 7.20464690e+03 5.00000000e+02 8.25450383e-03 2.01749895e-02 5.73949443e+00 1.38000000e-12 2.01194972e-01
7.80440355e+03 8.34230610e+03 -1.62140666e+02 5.00000000e+02 1.14887692e-02 1.36087323e-02 5.27990247e+00 1.38000000e-12 5.88627414e-01
-1.65491142e+03 7.92296169e+03 8.57622316e+03 5.00000000e+02 1.09353373e-02 1.93851870e-02 4.36560429e+00 1.38000000e-12 5.29575444e-01
2.08667323e+02 8.36606263e+03 7.37177078e+03 5.00000000e+02 7.42492406e-03 1.78897940e-02 4.69624089e+00 1.38000000e-12 2.60469207e-01
-8.15909441e+03 -5.42863926e+03 6.53490120e+03 4.40827820e+02 1.03110811e-02 9.54569876e-03 4.67186909e+00 1.38000000e-12 9.13028692e-01
-7.81851069e+03 -8.35814626e+03 1.08953029e+03 4.14563995e+02 9.26719420e-03 8.45480338e-03 4.86753108e+00 1.38000000e-12 8.12904959e-01
3.50233750e+03 1.00098806e+04 5.27164813e+03 5.00000000e+02 1.28926495e-02 1.29773784e-02 5.40826487e+00 1.38000000e-12 2.37071290e-01
1.43898696e+03 1.02339492e+04 6.80485954e+03 5.00000000e+02 1.15982331e-02 2.14058831e-02 5.49664487e+00 1.38000000e-12 1.67634622e-01
-6.33591135e+02 7.73387483e+03 9.11458624e+03 5.00000000e+02 9.60350037e-03 1.86690204e-02 4.78968439e+00 1.38000000e-12 2.19430403e-01
-4.39984486e+02 8.39338824e+03 8.54544038e+03 4.87296356e+02 1.33676343e-02 2.07239762e-02 4.82436785e+00 1.38000000e-12 1.40757433e-01
6.38165184e+03 1.01680208e+04 3.08004359e+03 5.00000000e+02 1.41670294e-02 1.53422123e-02 5.10794548e+00 1.38000000e-12 3.78611982e-01
-7.46039387e+03 -8.06310430e+03 2.58975220e+03 3.97035767e+02 7.97503721e-03 1.14574013e-02 5.54946005e+00 1.38000000e-12 6.24506544e-01
1.03378028e+03 1.08277243e+04 7.80680418e+03 5.00000000e+02 7.35401083e-03 1.11048631e-02 4.91501963e+00 1.38000000e-12 1.02518160e+00
-9.28491743e+03 -7.35101593e+03 3.05350964e+03 5.00000000e+02 1.13197938e-02 8.09129514e-03 5.14845797e+00 1.38000000e-12 2.67165448e-01
9.91529337e+03 2.83986881e+03 -1.23063508e+04 5.00000000e+02 1.22099444e-02 6.80353306e-03 4.69765350e+00 1.38000000e-12 1.01595922e+00
-1.65142633e+03 7.28657783e+03 9.96491627e+03 5.00000000e+02 8.59863870e-03 1.98380053e-02 4.61609642e+00 1.38000000e-12 2.21277585e-01
-1.67802077e+03 7.50506844e+03 1.04760296e+04 5.00000000e+02 8.95008724e-03 1.76148079e-02 4.94894315e+00 1.38000000e-12 4.72956819e-01
-7.51947797e+03 -8.83457284e+03 3.34686830e+02 4.91643311e+02 1.65174417e-02 9.11896955e-03 5.55075106e+00 1.38000000e-12 1.45196431e-01
-7.84934385e+03 -9.45864338e+03 -1.19535274e+03 5.00000000e+02 9.91236232e-03 9.56276990e-03 5.09404856e+00 1.38000000e-12 5.73899826e-01
-7.44477492e+03 7.04704580e+03 1.23199185e+04 5.00000000e+02 9.20245890e-03 8.79934803e-03 4.91521359e+00 1.38000000e-12 2.41648617e-01
-8.78914125e+03 -9.20420331e+03 -2.21939183e+02 5.00000000e+02 7.27568660e-03 1.01216109e-02 5.66938254e+00 1.38000000e-12 1.02970082e+00
-6.74203117e+03 -8.70128128e+03 -4.13895360e+03 5.00000000e+02 7.52489315e-03 7.45642046e-03 4.75025521e+00 1.38000000e-12 2.47091308e-01
-7.98136108e+03 -1.01332111e+04 -2.55058534e+03 5.00000000e+02 5.73963067e-03 1.50201404e-02 5.11196651e+00 1.38000000e-12 7.02419717e-01
-1.10231787e+04 -9.54446994e+03 4.85374240e+02 5.00000000e+02 6.71275100e-03 8.36969819e-03 5.38340637e+00 1.38000000e-12 3.60670275e-01
-9.95595967e+03 3.03734413e+03 1.66678036e+04 5.00000000e+02 8.19645729e-03 9.50337201e-03 5.20785198e+00 1.38000000e-12 1.95037676e-01
1.61229538e+04 -5.71517761e+03 2.72663795e+04 5.00000000e+02 9.85203963e-03 7.60416733e-03 4.83821188e+00 1.38000000e-12 3.19203090e-01
-1.03486381e+04 1.43536310e+04 1.28248058e+04 5.00000000e+02 8.99743568e-03 8.20580404e-03 5.09276298e+00 1.38000000e-12 3.78368624e-01
-3.40254082e+03 -3.00301642e+04 2.49422048e+04 5.00000000e+02 9.92255565e-03 6.42273529e-03 4.29751590e+00 1.38000000e-12 2.52173425e-01
